0 0.10050266666666667 0.5213540740740741 0.05489066666666667 0.140848
0 0.27577466666666667 0.1387448888888889 0.03532566666666667 0.1365517037037037
0 0.077677 0.11941985185185186 0.06304166666666666 0.12023881481481483
0 0.041941333333333324 0.253826962962963 0.056799333333333334 0.13827140740740743
0 0.2538996666666667 0.5453991111111111 0.052987 0.08760474074074073
2 0.316966 0.3074939259259259 0.032385333333333335 0.2020491851851852
2 0.290681 0.22840355555555558 0.019346333333333333 0.049185185185185186
2 0.13401033333333334 0.07354725925925926 0.03406766666666667 0.10102044444444444
2 0.09026966666666668 0.1353582222222222 0.018086 0.08108622222222223
2 0.25661199999999995 0.28556385185185185 0.028599 0.16882311111111112
2 0.18258999999999997 0.3274364444444444 0.019346333333333333 0.09571199999999999
2 0.161771 0.425136 0.04247933333333333 0.09172029629629629
2 0.10478133333333334 0.404530962962963 0.05299466666666666 0.13824711111111113
1 0.16576566666666667 0.31047348148148146 0.2935676666666667 0.5642388148148149
2 0.25451033333333334 0.1313665185185185 0.05299466666666666 0.12893807407407407
0 0.14283333333333334 0.566818962962963 0.029208333333333333 0.05154725925925926
0 0.24315366666666668 0.06490548148148148 0.025234333333333338 0.08108622222222223
0 0.20656266666666667 0.035662814814814814 0.022713666666666667 0.07045274074074075
2 0.2048803333333333 0.08883140740740741 0.021031333333333332 0.038551703703703706
2 0.0065456666666666675 0.27360059259259256 0.013091 0.05184355555555555
3 0.16662366666666667 0.29676977777777774 0.33324733333333334 0.5908231111111111
2 0.17081266666666664 0.022814814814814816 0.028599 0.04562962962962963
2 0.20067433333333332 0.15994666666666665 0.047948 0.09836207407407407
2 0.06987233333333333 0.2782554074074074 0.03196366666666667 0.058485333333333334
2 0.020662666666666666 0.3938968888888889 0.02860166666666667 0.03987674074074075
2 0.28289966666666666 0.5261605925925925 0.02313266666666667 0.09437866666666665
