0 0.23150573870573868 0.063309375 0.057261245421245416 0.0434625
2 0.12165978021978023 0.06996875 0.03388835164835165 0.03995625
3 0.20071579975579978 0.15715312499999998 0.32077636141636146 0.30961875
2 0.09478212454212454 0.219628125 0.03155184371184371 0.0448625
2 0.29870065934065937 0.14146875 0.0409006105006105 0.03995625
2 0.28555291819291817 0.09204999999999999 0.03798075702075702 0.0280375
2 0.10822056166056165 0.148128125 0.0350581684981685 0.026637499999999998
2 0.22946109890109895 0.25678125 0.10108444444444445 0.049068749999999994
2 0.2557550183150183 0.1155328125 0.0636874236874237 0.038553125
2 0.20638124542124542 0.1554875 0.07478896214896215 0.062387500000000005
1 0.19498783882783882 0.1540859375 0.19456820512820514 0.20398437500000002
0 0.10471579975579974 0.17967187499999998 0.0409006105006105 0.05046875
0 0.18914500610500612 0.09064843750000001 0.0636874236874237 0.053271875
0 0.2916884004884005 0.1936921875 0.05375257631257631 0.095334375
0 0.17307741147741146 0.24836875000000003 0.09465592185592187 0.0799125
0 0.16255921855921857 0.1912390625 0.05024937728937729 0.046965625000000004
