2 0.6366496 0.1735168 0.10628373333333332 0.24883911111111112
2 0.5256501333333333 1.1337813333333333 0.20449599999999998 0.1977742222222222
2 0.7106464 1.1513315555555554 0.17087893333333334 0.25204053333333337
2 0.5639936 0.6903452444444446 0.18432213333333333 0.21693866666666667
2 0.723424 0.7047054222222222 0.12915946666666667 0.3860167111111111
2 0.46241493333333333 0.3202773333333333 0.14530240000000003 0.13400177777777778
2 0.5041194666666666 0.5132856888888889 0.12108693333333333 0.11166008888888888
2 0.8203018666666666 0.4734051555555556 0.07265706666666666 0.1594951111111111
2 1.0019328 1.1114510222222223 0.12108693333333333 0.11483733333333333
3 0.7388874666666666 0.41186417777777784 0.6555584 0.8237283555555557
3 0.572576 0.7330503111111112 0.9863530666666668 1.3686115555555554
0 0.6945034666666667 0.48137386666666665 0.13050986666666667 0.1945969777777778
2 0.3124010666666667 1.1066723555555555 0.0874496 0.15631786666666667
2 0.7489898666666667 0.3218659555555556 0.08072853333333334 0.12441884444444445
1 0.6581749333333333 0.7557319111111112 0.8059232000000001 1.1771918222222222
0 0.5296853333333333 0.40481706666666667 0.13723093333333333 0.1882424888888889
