2 0.840723 0.265864 0.117393 0.129852
3 0.49975800000000004 0.6651773333333334 0.997446 1.3303559999999999
0 0.686426 0.6545013333333334 0.176074 0.5217453333333334
0 0.439636 0.408476 0.194351 0.7443493333333334
0 0.459854 0.9719533333333333 0.133047 0.22493066666666667
0 0.644419 0.350504 0.045654 0.08579866666666666
2 0.19833 0.8896306666666667 0.251738 0.38492133333333334
2 0.199636 0.44673199999999996 0.134351 0.15768266666666667
2 0.192461 0.164996 0.065215 0.11825466666666667
2 0.597461 0.17891066666666663 0.056084 0.13681466666666664
2 0.60855 1.2733986666666666 0.23739300000000002 0.10434933333333334
2 0.41680899999999993 0.7818053333333334 0.067827 0.15072933333333333
1 0.498848 0.6687933333333334 0.972939 1.2822226666666667
