2 0.4301571205007825 0.3339973333333333 0.055159186228481996 0.05411200000000001
0 0.6061531142410016 1.0781173333333334 0.19837896713615025 0.29790000000000005
0 0.7930371205007825 0.9444573333333334 0.12942923317683883 0.288252
0 0.2565728951486698 1.0636226666666666 0.11612945226917057 0.14008533333333334
2 0.37426679186228484 0.21419200000000002 0.10015649452269171 0.09661866666666666
0 0.18919661971830987 0.488584 0.1495035993740219 0.23187466666666667
0 0.5593419718309859 0.373608 0.15386241001564946 0.28019466666666665
2 0.1906498904538341 0.646072 0.16257201877934271 0.17198266666666664
2 0.2828199061032864 0.824812 0.17273389671361503 0.3439653333333333
2 0.5470006885758999 0.8798906666666667 0.12338579029733959 0.1913013333333333
2 0.67473627543036 0.8402746666666668 0.15241014084507043 0.139124
2 0.749493082942097 0.6798853333333333 0.09579768388106416 0.09274933333333334
2 0.8583581846635369 0.7088693333333335 0.09289214397496087 0.30531600000000003
2 0.4025770266040689 1.1794053333333332 0.07257740219092332 0.11787066666666667
2 0.49764857589984346 1.0711933333333332 0.08563580594679185 0.11400266666666665
2 0.83513289514867 0.3909986666666666 0.0987122378716745 0.07923333333333332
2 0.41563643192488264 0.4016253333333334 0.0783884820031299 0.08888133333333333
3 0.5032072613458529 0.65782 0.9967163693270735 1.31564
2 0.5085365884194053 0.158152 0.0348354303599374 0.061837333333333334
2 0.7509463536776213 0.1996973333333333 0.21192813771517996 0.2415453333333333
2 0.2835460406885759 0.25766533333333336 0.10451530516431926 0.08694666666666667
1 0.5055318935837246 0.6873413333333335 0.8327431611893584 1.0818773333333334
0 0.44416200312989046 0.7528586666666667 0.17438447574334898 0.3542666666666667
