0 0.686137761732852 0.6953588447653429 0.2691858483754513 0.3094018772563177
0 0.5505016606498194 0.6421175451263538 0.2792618050541516 0.30337732851985555
0 0.4653793501805054 0.42815075812274367 0.2536779783393502 0.25716794223826717
2 0.29041328519855597 0.4664860649819494 0.1004568953068592 0.11301198555956678
2 0.6622382671480145 0.34998758122743684 0.0851026714801444 0.15067841155234654
2 0.8080462093862816 0.4818368231046932 0.30971494584837544 0.28322541516245486
2 0.9846688808664259 0.7872485198555956 0.08649819494584837 0.18835985559566787
2 0.4899280866425993 0.8438954512635378 0.212073357400722 0.3153224548736462
2 0.7299072924187726 0.9673680866425993 0.28462093862815885 0.15208202166064985
2 0.8422180505415163 0.7783150902527075 0.13812332129963897 0.2260251263537906
2 0.9538345126353792 0.6157758844765344 0.08511075812274368 0.10742873646209386
2 0.3455237545126354 0.7259968231046932 0.15208202166064985 0.14928981949458486
2 0.39226223826714807 0.6283355956678701 0.11719971119133574 0.1325470036101083
3 0.5772488086642599 0.5815601444043321 1.1327237545126354 1.147349025270758
1 0.6378223826714802 0.6094983393501805 0.8064265703971119 0.778532274368231
2 0.3322709025270758 0.6067072924187725 0.18417212996389892 0.13673472924187724
2 0.8505935018050542 0.3597550902527076 0.14093054151624548 0.17300447653429604
