2 1.0428955805243447 3.264545185185185 0.4424389513108614 0.24339301587301584
0 1.5072095880149814 2.073948783068783 0.17083445692883895 0.7714708994708994
0 1.2148182771535583 2.2653528042328044 0.25622771535580524 0.6831034920634921
0 1.7404740074906366 2.7658937566137567 0.29569198501872657 0.7302467724867725
0 1.111890936329588 0.4897794708994709 0.2650271161048689 0.7243919576719576
0 1.1086022471910113 0.9285113227513226 0.17521138576779025 0.49472000000000005
0 1.523643445692884 1.09637417989418 0.22120749063670414 0.9716893121693121
0 0.7724008988764045 0.6546522751322752 0.24311850187265915 0.6183348148148148
1 1.1447442696629213 1.818751322751323 1.3776443445692885 3.1349807407407404
2 0.7329821722846441 1.4555801058201059 0.3832856928838951 1.3839542857142857
2 0.9695232958801498 1.1346116402116402 0.15112389513108615 0.6595623280423281
2 1.7854178277153558 1.39962582010582 0.27589033707865174 1.766762328042328
2 1.6167262921348315 0.8195589417989417 0.25844973782771535 1.0187682539682539
2 1.3385779775280897 0.48389417989417993 0.3635775280898877 0.4417219047619048
2 1.2630028464419474 1.0904584126984125 0.32633528089887637 0.5594209523809524
2 1.1283247940074908 1.4379276190476191 0.24091805243445694 0.4416609523809523
2 0.919159850187266 0.7489083597883598 0.17741183520599252 0.583026455026455
2 0.6596218726591759 2.477372275132275 0.27158292134831463 1.3309561904761906
2 0.5238292134831461 2.3124656084656086 0.14016958801498128 0.7537845502645503
2 1.4152269662921348 3.0721354497354496 0.3592005992509363 0.6124833862433863
3 1.1940314606741573 1.686166349206349 1.774063220973783 3.372332698412698
