0 0.8610123317683881 0.6479893333333333 0.20925996870109545 0.14011066666666666
0 0.939635179968701 0.5384893333333333 0.1028276682316119 0.259244
0 0.6390405007824727 0.2856666666666667 0.14274003129890453 0.191644
0 0.5041707668231612 0.4040333333333333 0.2286242253521127 0.273756
0 0.5628374334898277 0.6182 0.14514378716744913 0.22222266666666668
0 0.350547730829421 0.42817733333333335 0.12459467918622848 0.14493333333333333
0 0.46243956181533646 0.7389666666666665 0.12579655712050075 0.26086666666666664
0 0.37051192488262913 0.6004893333333334 0.13063712050078247 0.23511066666666663
0 0.6148527073552426 0.8235106666666667 0.2685365884194053 0.15297733333333333
0 0.5743303912363067 1.0457333333333334 0.23346478873239437 0.1272
0 0.31788870109546163 0.8871226666666666 0.15602679186228482 0.20611066666666666
0 0.240467730829421 0.9869559999999999 0.18023161189358372 0.254444
0 0.173938779342723 0.7317226666666665 0.17781082942097026 0.2560226666666667
0 0.2676762441314554 0.5706893333333334 0.15242115805946793 0.25279999999999997
2 0.4533663849765258 0.25748933333333335 0.08588419405320814 0.09017733333333333
2 0.2447073552425665 0.38632266666666665 0.07740394366197183 0.13526666666666667
2 0.43885270735524257 1.0256 0.1052314241001565 0.3317333333333333
2 0.5979172456964006 0.9692333333333334 0.2757979342723004 0.17713333333333334
2 0.7007278873239436 1.175356 0.09434741784037559 0.10306666666666665
2 0.5108231611893583 1.156844 0.07500018779342724 0.13364399999999999
2 0.7194821909233178 0.7462106666666666 0.15362303599374022 0.149756
2 0.9855979968701095 0.6367226666666668 0.030230234741784042 0.101444
2 0.11770090766823162 0.5199666666666667 0.08950685446009389 0.12237733333333334
2 0.06083705790297339 0.7937226666666668 0.06531906103286385 0.038644
2 0.36264162754303597 0.7301106666666667 0.05927561815336463 0.053155999999999995
3 0.5004569640062597 0.6816773333333332 0.9890283568075117 1.2989106666666668
1 0.5233427230046949 0.7132000000000001 0.9564444444444444 0.9661773333333332
0 0.6769076682316119 0.5516893333333334 0.20321752738654147 0.28986666666666666
