2 0.7729114136125654 1.0219778553615961 0.05929130890052355 0.139749825436409
3 0.41773989528795813 0.8008618453865335 0.8336569633507853 1.5902978553615958
0 0.5731602094240837 0.5074880798004988 0.050674764397905754 0.06940089775561098
0 0.5299845026178011 1.1705615960099751 0.06432921465968586 0.0828744139650873
0 0.33827350785340315 0.9585268827930175 0.05458010471204189 0.0848103740648379
0 0.6588674345549738 0.2899391521197007 0.057314345549738216 0.11796428927680798
1 0.4631991623036649 0.6954310224438903 0.7099208376963351 1.1542136658354116
2 0.42600628272251306 0.8754896758104738 0.0926165445026178 0.40638403990024935
2 0.4439698429319372 1.1785895261845387 0.09340397905759162 0.1734735162094763
2 0.6254994764397905 1.1986769077306734 0.14944167539267014 0.10118862842892767
2 0.7180825130890052 0.9593328678304239 0.1023371727748691 0.139749825436409
2 0.7095614659685864 0.5625887281795512 0.0901503664921466 0.30037705735660847
2 0.7684448167539267 0.4951237905236908 0.05035811518324608 0.15903122194513714
2 0.806208167539267 0.7192003990024938 0.06253486910994764 0.10280059850374064
2 0.6860046073298429 1.1175581047381544 0.18923476439790574 0.17669905236907735
2 0.33716523560209427 1.1087241895261846 0.09746261780104713 0.2810956608478803
2 0.4102693193717278 1.2846076807980051 0.14456712041884817 0.11887561097256856
2 0.5316875392670157 0.7489101246882793 0.11452314136125653 0.2810956608478803
2 0.4975757068062827 1.03001536159601 0.06904041884816754 0.2618334164588529
2 0.5483267015706805 0.9882445885286782 0.05520335078534031 0.1879349625935162
2 0.5678341361256545 0.6123858354114713 0.13319623036649214 0.1301099251870324
2 0.5641784293193717 0.4236448877805486 0.1632502617801047 0.2827076309226933
2 0.44145507853403143 0.617679800498753 0.0812171727748691 0.13815700748129675
2 0.3655974869109948 0.6758272319201994 0.058485445026178015 0.10923411471321696
2 0.2807195811518325 0.7063525187032419 0.07066219895287958 0.20239481296758108
2 0.08009465968586388 0.7890386034912718 0.10319078534031415 0.28760418952618455
2 0.17107518324607332 0.7240123690773067 0.10801759162303666 0.1509857356608479
2 0.11097298429319372 0.5617827431421447 0.10315308900523561 0.18634054862842894
2 0.21412104712041882 0.3890960598503741 0.13563392670157068 0.24575840399002494
2 0.37574952879581147 0.3232446882793017 0.05929130890052355 0.3389382543640898
2 0.4297583246073299 0.4139954114713217 0.06171895287958115 0.12528997506234416
2 0.42326198952879585 0.25096778054862845 0.04548356020942408 0.13331790523690773
2 0.5142240837696336 0.23489436408977554 0.06172816753926701 0.1269019451371571
2 0.5986940314136125 0.23570034912718205 0.02760628272251309 0.12851551122194513
2 0.2685428272251309 0.20517506234413965 0.03492774869109948 0.057825037406483794
2 0.20307685863874347 1.1734567581047382 0.06904041884816754 0.27627411471321695
2 0.21453403141361255 0.9207796508728181 0.07959539267015707 0.17187910224438901
0 0.2887656544502618 1.2216402992518702 0.10623329842931939 0.18890214463840402
0 0.5034714136125654 1.338267132169576 0.0497055497382199 0.1850493765586035
0 0.3236548691099477 0.5913392518703242 0.08577507853403142 0.1676847880299252
