2 0.290341 0.8083564444444445 0.100347 0.11336888888888888
2 0.443314 0.47856711111111105 0.035447 0.10821244444444444
2 0.162183 0.032836444444444446 0.051261 0.05668
2 0.1035575 0.018664 0.041991 0.033500444444444444
2 0.0989225 0.23058311111111113 0.049082 0.16618400000000003
0 0.0584595 0.45987022222222224 0.1169195 0.7613813333333334
0 0.10273950000000001 0.06568177777777778 0.11998 0.12753599999999998
0 0.16409 0.645392 0.1488825 0.48309155555555555
0 0.3885075 0.48049955555555557 0.0981645 0.34910844444444444
0 0.339152 0.5854933333333333 0.092167 0.3297937777777778
1 0.2478035 0.2318702222222222 0.262861 0.4496008888888888
2 0.2565305 0.13653866666666667 0.1352475 0.14814222222222223
2 0.055838 0.5281822222222222 0.10252999999999998 0.14296711111111113
2 0.17827 0.5094853333333333 0.0910735 0.1314008888888889
2 0.281345 0.6144782222222223 0.0801675 0.33365866666666666
4 0.24641649999999998 0.43962755555555555 0.49283299999999997 0.8792551111111111
