2 0.4710107374631268 0.9439391150442478 0.1123030088495575 0.2667483185840708
2 0.4441184660766962 1.0783561061946902 0.09059681415929204 0.08824920353982302
2 0.7395011209439528 0.6936 0.07927693215339233 0.18058619469026552
2 0.16949522123893807 0.784907610619469 0.0868238348082596 0.17852743362831858
2 0.3856009439528024 0.6156417699115044 0.1679811209439528 0.24616920353982302
2 0.6998692625368731 1.0198669026548672 0.050970619469026555 0.09030654867256638
2 0.6106855457227138 1.037319646017699 0.11419563421828909 0.18673274336283185
2 0.6215391150442479 0.8669961061946901 0.10192896755162241 0.09645309734513274
0 0.2846244247787611 0.7192283185840709 0.20951221238938056 0.26471787610619474
0 0.310103598820059 0.9141932743362833 0.22839126843657817 0.2113741592920354
0 0.3516346902654867 1.0916785840707965 0.1566612389380531 0.21752070796460177
0 0.3700342182890855 0.8577486725663717 0.10098312684365782 0.2749805309734513
0 0.48941687315634225 0.7100092035398231 0.17364672566371683 0.2339299115044248
0 0.5606673746312684 0.9634350442477875 0.2179926843657817 0.37961203539823
0 0.7022291445427729 0.8526315044247789 0.10475610619469028 0.27292318584070796
1 0.5710470796460176 0.5109550442477876 0.28973592920353985 0.5048226548672566
2 0.35682171091445425 0.35391433628318586 0.22743221238938052 0.7039858407079645
2 0.22186666666666668 0.4617005309734513 0.25196460176991153 0.46788814159292036
4 0.4732384660766962 0.7110513274336283 0.9414286725663716 1.4097557522123894
