0 0.43153749999999996 0.855895 0.48347375 0.5851425
4 0.6307262499999999 0.626015 1.23854875 1.2444950000000001
0 0.58703875 0.5316225 0.22680124999999998 0.15399374999999998
0 0.8511837499999999 0.463685 0.22000999999999998 0.39855625
0 0.91773125 0.78071375 0.4943425 0.39854500000000004
1 0.6162387500000001 0.33053375 0.6274362499999999 0.545295
2 0.218995 0.39031499999999997 0.28112375 0.49094125
2 0.5625924999999999 0.6493737500000001 0.2539575 0.17210124999999998
2 0.71266125 0.52256375 0.07877250000000001 0.14311875
2 0.76427125 0.6765512499999999 0.048892500000000005 0.05978125
2 0.76766375 1.06515125 0.22950749999999998 0.22822625
2 0.7717400000000001 0.8586137500000001 0.07198125 0.14493499999999998
2 1.08409625 0.35771125000000004 0.1018525 0.14673999999999998
2 0.99514125 0.43832875 0.15210625 0.10869749999999999
2 0.95643625 0.28615125 0.055683750000000004 0.105065
2 0.233935 0.909335 0.05839875 0.07246125
2 0.36091875 1.043395 0.2009975 0.12681625
2 0.5089475 0.96097125 0.11136625 0.11413625
2 0.92384125 0.5080724999999999 0.06654249999999999 0.09601749999999999
