1 0.14795555555555553 0.18554444444444443 0.13955555555555557 0.26924444444444445
2 0.2950297777777778 0.3758777777777778 0.061836888888888886 0.07922222222222222
2 0.23641466666666666 0.367828 0.04594088888888889 0.10305555555555555
2 0.12433688888888889 0.3320777777777778 0.10606666666666666 0.0818
2 0.20592222222222223 0.2786111111111111 0.05969644444444444 0.04702222222222222
2 0.22181466666666666 0.15784444444444445 0.085452 0.052822222222222215
0 0.3081146666666667 0.29632755555555557 0.27265911111111113 0.2615222222222222
0 0.2888035555555556 0.1088888888888889 0.191948 0.14686666666666667
2 0.28923333333333334 0.2599333333333333 0.06569644444444445 0.035422222222222216
2 0.3817742222222222 0.3504333333333334 0.048096444444444435 0.07857777777777779
2 0.4225555555555556 0.27603911111111107 0.043777777777777784 0.1487888888888889
4 0.2233186666666667 0.229072 0.44225200000000003 0.42963333333333337
