4 0.21596319350473614 0.29530397111913353 0.31436081190798376 0.5646261371841155
2 0.24023815967523682 0.34403119133574006 0.028826847090663063 0.12223364620938627
2 0.22611225981055483 0.19763523465703972 0.0628468741542625 0.08563350180505415
2 0.20232790257104194 0.1306616606498195 0.1167584303112314 0.08052274368231047
2 0.14942484438430312 0.17018801444043322 0.049010663058186736 0.046843032490974726
2 0.16182127198917454 0.2587575451263538 0.030560649526387006 0.051234079422382665
2 0.14510116373477672 0.3195096028880866 0.06111740189445196 0.0731898916967509
2 0.10459669824086604 0.338910036101083 0.05218208389715833 0.24666859205776176
0 0.2854997564276049 0.2620482310469314 0.056503599458728 0.07978223826714802
0 0.15504714479025708 0.3714789891696751 0.07754998646820027 0.3513374729241877
0 0.22697916102841675 0.18446151624548734 0.19027399188092017 0.15591393501805054
1 0.24369710419485788 0.41723205776173283 0.1320409201623816 0.31546685920577616
