0 0.34981325478645064 1.044689557522124 0.6996265095729013 0.6821536283185841
4 0.4725528129602357 0.7079646017699115 0.940019558173785 1.415929203539823
2 0.7591116347569957 1.1202067256637167 0.20275935198821796 0.22404106194690265
2 0.8285662444771722 0.39021451327433626 0.15097684830633284 0.19886442477876107
2 0.4365440942562592 1.2284446017699115 0.3988020029455081 0.2995426548672566
2 0.49586615611192925 0.9527943362831859 0.38707935198821797 0.3625217699115045
2 0.6258078350515464 0.1850661946902655 0.32825684830633284 0.26178407079646016
1 0.2998923122238586 0.4569246017699115 0.5678741678939616 0.6746166371681416
2 0.10088812960235641 0.8382739823008849 0.20177720176730488 0.22404106194690265
0 0.7472117820324006 0.7098973451327433 0.36026533136966127 0.792920353982301
0 0.5586945508100147 0.6670867256637167 0.20107970544919 0.2391886725663717
