0 0.42732187499999996 0.6110185613540198 0.327398125 0.4185618053596615
0 0.34918499999999997 0.2693289703808181 0.282845 0.11234301833568407
2 0.163911875 0.27407706629055006 0.253154375 0.3676181664315938
2 0.42767625 0.5080363328631876 0.08767749999999999 0.10030036671368124
2 0.22684875 0.4291412129760226 0.091930625 0.11098087447108604
2 0.34282250000000003 0.3021070803949224 0.10041375 0.16449354019746124
2 0.310266875 0.49400507757404793 0.08480625 0.1952604795486601
2 0.48636 0.39374894217207335 0.043820624999999995 0.09618866008462623
2 0.3209 0.10523802538787023 0.5671312500000001 0.21047605077574047
4 0.3170075 0.4513399153737659 0.5862125 0.9026798307475318
1 0.1872575 0.5976227926657264 0.277185625 0.43467193229901263
0 0.342450625 0.3836723272214387 0.4051275 0.14842854724964738
