4 1.6783637113402063 1.3376889575289574 2.6049682474226805 1.808462084942085
1 1.1725030927835052 1.2315107335907336 0.8992494845360826 0.7321501158301158
0 1.8787364948453606 0.7739107335907336 1.3537946391752578 0.329483861003861
0 2.169527422680412 1.339515057915058 1.212041237113402 1.0653232432432433
0 1.5244272164948454 1.8264043243243244 1.8474226804123712 0.6699193822393822
0 1.3753402061855668 1.3010804633204631 0.37633649484536086 0.2562668725868726
2 1.157862268041237 1.3413386872586874 0.42028865979381447 0.5491422393822395
2 0.9574861855670103 1.8026057142857144 0.5082952577319587 0.3074742857142857
2 1.7882688659793815 1.9088037065637065 0.8896560824742268 0.43190115830115827
2 1.5488395876288659 0.779403861003861 0.6451760824742268 0.25257760617760616
2 2.0180288659793817 0.8800716602316603 0.4105435051546392 0.5418057142857143
2 2.465217319587629 1.0191913513513513 0.649999175257732 0.4100027799227799
2 2.5483018556701027 1.326702702702703 0.7966746391752577 0.4759227799227799
2 1.815195051546392 1.410908416988417 0.8846317525773196 0.40270332046332047
2 2.6924668041237116 0.9056938996138996 0.29325195876288657 0.27090285714285717
