2 0.43904000000000004 0.670945079928952 0.14933312 0.2290461101243339
2 0.53895232 0.9083839431616341 0.107376 0.19877058614564833
2 0.59797312 0.557268348134991 0.06471487999999999 0.12966763765541742
2 0.47068544 0.15308504440497336 0.071824 0.09935346358792185
4 0.32014144 0.5695647602131438 0.63971712 1.1344051154529307
1 0.27264 0.34423246891651865 0.31288512 0.6197530373001777
0 0.32739455999999995 0.8183269626998223 0.42809088 0.6112898046181172
0 0.47246144000000007 0.19771566607460034 0.21049088 0.38734664298401417
0 0.53240832 0.5715791119005328 0.215184 0.4041844404973357
2 0.19690688 0.8199877797513322 0.073248 0.210504298401421
2 0.35690688 1.009449378330373 0.07181887999999999 0.15831417406749557
2 0.296464 0.6970463943161636 0.08746688 0.12968014209591472
