2 0.5338656 0.5521408 0.4156085333333333 0.32237279999999996
2 0.7456170666666666 0.8946607999999999 0.3271114666666667 0.5049039999999999
2 0.7242762666666666 0.4194064 0.15802666666666668 0.3081584
0 0.5069952 0.2534736 0.28286293333333334 0.27496000000000004
0 0.7566752 1.1980736 0.22282559999999998 0.31525439999999993
5 0.5354399999999999 0.796288 1.0003018666666665 1.5217615999999998
1 0.4279818666666667 0.933768 0.33343893333333335 0.5214688
2 0.24309333333333333 0.6292048 0.1627722666666667 0.4905968
2 0.2272896 1.0925808000000001 0.18805333333333335 0.42666719999999997
2 0.4746037333333333 1.2715536 0.34448213333333333 0.26311840000000003
