2 0.43876479999999995 0.6424949841269841 0.14064426666666668 0.16856380952380953
2 0.49486453333333336 0.4919984761904762 0.06162986666666667 0.1986600634920635
0 0.4079466666666667 0.48974019047619044 0.11851840000000001 0.1820952380952381
5 0.26296106666666663 0.5252073650793652 0.5175258666666668 0.9813302857142857
1 0.2696794666666667 0.5378956190476191 0.19437013333333333 0.374744380952381
2 0.28389813333333336 0.8479278730158729 0.4045408 0.29647949206349206
2 0.09979840000000001 0.6259382857142857 0.1422224 0.301008253968254
2 0.31985013333333334 0.1947631746031746 0.23782240000000002 0.2814384761904762
1 0.07650133333333334 0.35353599999999996 0.09874186666666666 0.3040142222222222
1 0.153528 0.19099631746031748 0.11535573333333335 0.16856380952380953
2 0.4198021333333333 0.3279492063492063 0.1722448 0.1986600634920635
