2 0.37375872382851444 1.0123665248226952 0.16218033898305084 0.24477049645390075
7 0.3190428713858425 0.5673758865248227 0.638085742771685 1.1347517730496455
1 0.2490659222333001 0.5752771631205674 0.40093032901296116 1.118949219858156
0 0.1464406779661017 0.3226053900709219 0.10422045862412761 0.395061560283688
0 0.18871385842472582 0.44026212765957445 0.09837176470588234 0.3379460992907801
0 0.2799071585244267 0.4318785815602837 0.09358612163509471 0.3816124822695035
0 0.233113778664008 0.1351614184397163 0.11591912263210369 0.21182070921985816
0 0.32244578265204393 0.18391375886524824 0.09145874376869391 0.2857895035460993
2 0.24135593220338983 0.15113191489361702 0.09837176470588234 0.2975568794326241
2 0.40858735792622136 0.14404992907801417 0.18079074775672982 0.2881009929078014
2 0.458564147557328 0.4125458156028369 0.0744563110667996 0.3597582978723404
2 0.5588035892323031 0.3133594326241135 0.12283150548354936 0.6085628368794327
2 0.4601663808574277 0.7378405673758864 0.15314057826520439 0.30428141843971634
