2 0.19792534954407295 0.41488343347639484 0.1453130699088146 0.447267982832618
1 0.5258524012158055 0.7436580257510729 0.6084542249240121 1.2594650643776824
2 0.2348372036474164 0.20692463519313303 0.13054541033434652 0.35738643776824036
2 0.3288637082066869 0.14683330472103004 0.20980717325227966 0.29366523605150213
2 0.178889726443769 0.8004903004291845 0.16318541033434653 0.36157253218884117
0 0.4827234042553192 0.4357795708154506 0.19426917933130697 0.3344096137339056
0 0.29350711246200606 0.5099742489270387 0.08780547112462006 0.26959931330472103
0 0.5685913677811549 0.5904384549356223 0.1453130699088146 0.35113064377682396
0 0.5382857142857143 1.2180889270386264 0.23079197568389057 0.310604635193133
0 0.6653373860182371 0.21527347639484978 0.09946942249240122 0.26124909871244634
0 0.533624802431611 0.06740463519313304 0.19971598784194527 0.13481064377682403
7 0.4840851063829787 0.6866952789699571 0.8930334346504559 1.3733905579399142
