0 1.0397007999999999 1.0688672 0.2516848 0.39822240000000003
1 0.8157007999999999 0.8 1.4882992 1.6
0 0.4809584 0.8401263999999999 0.43289920000000004 0.5807408
0 0.42558879999999993 0.1787936 0.2080592 0.2204448
2 1.3736032 0.3518304 0.13758879999999998 0.2346672
2 1.2972592 1.3710896 0.1526896 0.2109632
2 0.8719104 0.897016 0.20470399999999997 0.1540736
2 1.0791312 0.7109424 0.3506816 0.431408
2 0.5094832 0.8389424 0.0872512 0.21333280000000002
2 0.3744112 0.465608 0.19295839999999997 0.32
2 0.8408688 0.40990399999999994 0.6124352000000001 0.6447408
8 0.8 0.8 1.6 1.6
