2 0.23165957446808508 0.447519313304721 0.15080851063829787 0.1648068669527897
0 0.7119756838905775 0.5960515021459227 0.17770212765957447 0.22990557939914164
2 0.22541033434650454 0.9826430901287554 0.17676158054711247 0.2950386266094421
8 0.4909587841945289 0.6866952789699571 0.9633721580547112 1.3733905579399142
1 0.49919319148936175 0.7384721030042918 0.8453573252279636 1.1699227467811157
0 0.4862249240121581 0.4983869527896995 0.26994091185410335 0.31131330472103
0 0.3430925227963526 0.644892017167382 0.1412114285714286 0.22176824034334766
0 0.6745045592705167 0.8666616309012876 0.16235088145896656 0.45373390557939913
0 0.5059131914893616 0.9287210300429184 0.17483282674772035 0.512755364806867
2 0.872396838905775 0.6916903004291846 0.09126613981762918 0.34386266094420603
2 0.7859452887537994 0.3925836909871244 0.1181441945288754 0.1933047210300429
2 0.6317646200607903 0.2827124463519313 0.18444547112462004 0.18513304721030044
2 0.4199392097264438 0.2176137339055794 0.09126613981762918 0.08343347639484977
0 0.3906460790273556 0.8137503862660945 0.21518103343465048 0.2543175965665236
