0 0.6650218138987044 0.5888577699115044 0.12016320376914015 0.2701740176991151
1 0.37691401648998824 0.5813103008849557 0.7538280329799765 1.0907808849557523
0 0.30716532391048296 0.42104184070796463 0.07062162544169612 0.11914874336283186
0 0.1406153121319199 0.6853516460176993 0.14019844522968197 0.22823306194690268
0 0.32191773851590105 0.7063323185840709 0.21608405182567725 0.3272529557522124
0 0.2059737102473498 0.9278493451327433 0.22240565371024734 0.27019553982300887
0 0.47687538280329794 0.9932981238938053 0.2519240518256773 0.1829233274336283
2 0.34616612485276793 0.1340873628318584 0.22241922261484098 0.18963936283185842
2 0.471605371024735 0.46300318584070804 0.3046256772673734 0.4849953982300885
2 0.25762374558303885 0.3027347256637168 0.09381842167255594 0.10739992920353982
8 0.37691401648998824 0.5663716814159292 0.7538280329799765 1.1327433628318584
