2 0.2825375223499361 1.4813806649616368 0.3245298595146871 0.2788746803069054
2 0.11784582375478928 0.9345522250639388 0.08880388250319285 0.20368368286445013
1 0.40362666666666663 1.1280695652173913 0.7378456194125159 1.0175197953964195
8 0.4086845466155811 1.0686575959079283 0.8173690932311622 1.1363420971867007
2 0.08071519795657726 1.315268746803069 0.05650063856960409 0.15033289002557543
2 0.7450662579821201 1.270396726342711 0.054968071519795665 0.15762168797953963
2 0.7297740996168581 1.128542608695652 0.07587882503192848 0.10670158567774936
2 0.26154993614303956 0.8060366240409208 0.13399703703703703 0.22792838874680307
2 0.37134140485312905 1.1358183120204604 0.3503448275862069 0.5383382097186701
2 0.6191742528735632 1.2437344245524298 0.10656449553001276 0.2982612787723785
2 0.5440956321839081 0.8327103836317136 0.19211606641123885 0.2085417902813299
