0 0.34043999999999996 0.8840755390334573 0.111730625 0.5012104089219331
0 0.36325999999999997 0.37122379182156134 0.138488125 0.2537968773234201
2 0.25388 0.45681843866171 0.061369375000000004 0.4505635687732342
2 0.33926187500000005 0.5700211152416357 0.11095187499999999 0.16493442379182155
2 0.25348625 0.9316460966542751 0.11251875 0.5033302602230483
2 0.18345375 0.2802938289962825 0.1282675 0.21147122676579927
2 0.425793125 0.16920981412639405 0.05276375 0.1290932342007435
1 0.302275 0.6091039405204461 0.54689375 1.1567369516728625
0 0.175584375 0.4674510037174721 0.09678 0.39126364312267653
8 0.3125 0.5947955390334573 0.625 1.1895910780669146
