10 0.1492496875 0.2313483333333333 0.2734328125 0.37063666666666667
0 0.1684153125 0.20733625 0.142719375 0.12956916666666668
2 0.07858343749999999 0.21950999999999998 0.046186250000000005 0.14173833333333333
2 0.09128499999999999 0.32515666666666665 0.06697375 0.10435458333333332
2 0.1464784375 0.2869008333333333 0.0563496875 0.06782916666666666
1 0.20144125 0.28386083333333334 0.0729721875 0.08782208333333334
1 0.1527140625 0.12864375 0.0364884375 0.026082083333333336
0 0.110218125 0.12733833333333333 0.059579062499999995 0.06520916666666667
0 0.148095625 0.13298916666666669 0.01986125 0.03826
2 0.17650062500000002 0.11342541666666667 0.0545021875 0.07565291666666667
