10 0.26852800000000004 0.37738453066332917 0.5296112000000001 0.7547682603254068
0 0.3124053333333333 0.37028125156445557 0.2908778666666667 0.3961824280350438
1 0.17661653333333333 0.3452131163954944 0.08756693333333333 0.2256692866082603
1 0.4726890666666666 0.2616270337922403 0.06826666666666667 0.19559489361702126
1 0.43038879999999996 0.4396559699624531 0.12911093333333334 0.18053847309136423
1 0.26343306666666666 0.5692115143929912 0.1513776 0.06185251564455569
1 0.3650890666666667 0.5458070588235294 0.0667776 0.04848540675844806
1 0.1566112 0.5173843304130162 0.04455573333333333 0.09193972465581977
2 0.32316106666666666 0.10616390488110136 0.3272336 0.1822149687108886
2 0.21614986666666666 0.19390478097622024 0.08965546666666667 0.07662057571964957
