10 0.5333333333333333 0.5333333333333333 1.0666666666666667 1.0666666666666667
0 0.22239253333333334 0.7659626666666667 0.43408853333333336 0.6014069333333333
1 0.7577664 1.0106634666666667 0.35617066666666664 0.09791893333333335
1 0.9570037333333332 0.8782005333333333 0.1936672 0.1936736
1 0.10775146666666667 0.9583370666666667 0.20034773333333333 0.21593280000000004
2 0.21646720000000003 0.32390399999999997 0.19942186666666667 0.20869653333333332
2 0.11829973333333332 0.3656256 0.2349706666666667 0.2798442666666666
2 0.3501856 0.19945919999999998 0.33391146666666666 0.11130346666666666
0 0.9522847999999999 0.6689482666666667 0.22876266666666667 0.3227850666666667
0 0.5629856 0.6222005333333332 0.6789632 0.6656
