2 0.3130414285714286 0.965468176100629 0.060268571428571435 0.1399949685534591
11 0.7142857142857143 1.0062893081761006 1.4285714285714286 2.0125786163522013
2 0.4372285714285714 0.42150238993710687 0.15870571428571428 0.2829001257861635
2 0.22485714285714287 1.2104895597484278 0.22190714285714286 0.22752201257861637
2 0.4026785714285714 1.2965313207547169 0.13373714285714286 0.1954354716981132
2 0.4519128571428571 1.6480040251572328 0.1734057142857143 0.3849841509433962
2 0.25279 1.7573997484276729 0.21017285714285716 0.4579562264150943
2 0.05953428571428571 1.6086379874213836 0.08227 0.1253755974842767
2 0.14697 0.8881932075471699 0.12493571428571429 0.2829001257861635
2 0.24102428571428572 0.7948417610062893 0.0808357142857143 0.13126037735849055
2 0.35714285714285715 0.6738334591194969 0.10140285714285714 0.06999748427672955
2 0.24838999999999997 0.5352633962264152 0.08670285714285715 0.11372880503144654
1 0.5812499999999999 1.128817106918239 0.2145414285714286 0.8750289308176101
1 0.9479114285714285 1.4730123270440252 0.6157842857142857 0.589154213836478
1 1.23302 1.0121438993710692 0.11610285714285715 0.5016895597484277
0 0.3674114285714286 1.0617620125786162 0.6451528571428572 1.7034143396226418
