2 0.18194074074074074 0.6815215221987315 0.22828345679012346 0.6745762367864694
1 0.4604622222222222 0.5246471035940804 0.34645432098765433 0.556908245243129
0 0.44639604938271604 1.0619440169133192 0.4003002469135803 0.5529640591966174
0 0.6212266666666667 0.9433153488372094 0.2387348148148148 0.5274993657505286
0 0.6931693827160493 0.7325131501057083 0.1623683950617284 0.4588691754756871
11 0.46104987654320984 0.7209065539112052 0.8044908641975308 1.2643179704016911
2 0.4186637037037037 0.3501178858350951 0.2741106172839506 0.3843680338266385
2 0.4045975308641975 0.9344798308668076 0.17522469135802468 0.12157970401691333
2 0.4548355555555556 1.2639255813953487 0.04259358024691358 0.09807289640591967
2 0.42670320987654325 1.0982169978858352 0.04903506172839506 0.0921708245243129
2 0.5577372839506173 0.7147934038054968 0.03132740740740741 0.05109040169133192
2 0.6573985185185185 0.756021310782241 0.031354074074074076 0.0549046934460888
2 0.7088454320987654 1.049213023255814 0.02492543209876543 0.0921708245243129
2 0.6360948148148148 1.0678298520084568 0.04501234567901234 0.05096050739957717
2 0.6300671604938272 1.2188184355179705 0.029750123456790123 0.07058807610993657
2 0.5316029629629629 0.8521214376321352 0.024123456790123458 0.06276329809725158
2 0.5746034567901235 0.9697731923890064 0.029750123456790123 0.0745322621564482
