2 0.8406119999999999 0.6445133333333334 0.042522 0.04831866666666666
2 0.605347 1.0251919999999999 0.103378 0.13333333333333333
2 0.554137 1.1604573333333332 0.049277 0.12946933333333333
11 0.501438 0.704056 0.997124 1.2585546666666665
0 0.66573 0.9401626666666668 0.554587 0.6976106666666666
1 0.462832 0.6783186666666668 0.164248 0.15846666666666664
1 0.643997 0.483156 0.082124 0.16230133333333333
1 0.527087 0.5458853333333333 0.300487 0.11000000000000001
1 0.331917 0.5749413333333333 0.142035 0.4811506666666666
2 0.571047 0.8724919999999999 0.195162 0.25708000000000003
2 0.667183 0.6319466666666667 0.130442 0.10047200000000002
2 0.721298 0.7362973333333334 0.06472 0.11206533333333332
2 0.788923 0.8145720000000001 0.11884999999999998 0.12560533333333332
2 0.773459 0.9459586666666666 0.084056 0.14106133333333334
2 0.844012 0.8947493333333334 0.047316 0.1971093333333333
2 0.79472 1.1034506666666668 0.07826 0.08118
2 0.42080400000000007 0.8280826666666667 0.08792 0.09469066666666667
2 0.466217 0.9353386666666667 0.06087 0.061829333333333326
2 0.77781 0.6019906666666667 0.036711 0.05218266666666667
