2 0.6214826666666667 0.9566015999999999 0.049463466666666664 0.0858048
2 0.5493408 1.0899296 0.039158399999999996 0.1855216
2 0.5885077333333334 1.3113808 0.04534080000000001 0.0579472
0 0.49523733333333336 1.2464608 0.4730304 0.35939839999999995
11 0.4638741333333333 0.919504 0.7286688 1.185416
2 0.7348511999999999 1.0029904 0.043296 0.10899039999999999
2 0.3313664 1.3206544 0.048440533333333334 0.1646368
2 0.6709536 0.8221056000000001 0.086576 0.0440704
2 0.5508906666666666 0.9496464 0.03401386666666666 0.0718944
2 0.5828437333333333 0.8754512 0.054622933333333325 0.11826559999999998
1 0.29839146666666666 1.0609376 0.2298368 0.2944784
0 0.6424074666666667 0.7833983999999999 0.2689952 0.6585487999999999
2 0.5745920000000001 0.6099296 0.0566848 0.078832
2 0.5988117333333334 0.7166016000000001 0.05978346666666667 0.0881408
2 0.6431306666666666 0.612248 0.06595093333333334 0.1112928
2 0.46843626666666666 1.1699296000000001 0.10408640000000001 0.18318559999999998
