2 0.6179416 0.7532427067669174 0.1344832 0.14295097744360902
2 0.5947584 0.9092860150375939 0.1375832 0.0924054135338346
2 0.3643752 0.8142664661654135 0.1065832 0.0836836090225564
2 0.5058583999999999 0.5518700751879699 0.10511680000000002 0.15516872180451127
2 0.38574959999999997 0.4324439097744361 0.1113 0.0924054135338346
2 0.6542664 0.650375939849624 0.0494664 0.04883488721804511
2 0.601708 0.5396619548872181 0.08348320000000001 0.2318796992481203
11 0.400492 0.7228378947368421 0.7590832000000001 0.8385335338345864
0 0.5336919999999999 0.6983181954887219 0.24425039999999998 0.6224252631578948
0 0.3814168 0.814258045112782 0.1406664 0.10810105263157894
1 0.273208 0.8604703759398495 0.32618319999999995 0.329510977443609
