2 0.627681689291101 0.681511341991342 0.06433882352941177 0.14052017316017318
11 0.472025580693816 0.8048401731601732 0.7293596380090497 1.0060716883116883
2 0.6108264253393665 0.8652301298701299 0.12254021116138762 0.2549735064935065
2 0.6797610859728507 0.77287341991342 0.041875113122171945 0.13451636363636363
2 0.4474459125188537 0.9706195670995671 0.16542793363499245 0.11243359307359307
2 0.5276051885369533 0.8943265800865802 0.06025749622926093 0.07629298701298702
2 0.3580882051282051 1.1312304761904761 0.09700778280542986 0.10440865800865802
2 0.41425665158371044 1.1001129004329004 0.05412006033182504 0.07028917748917748
2 0.6828220814479639 0.6102413852813854 0.07454310708898944 0.11442424242424243
2 0.5071821417797888 1.098107012987013 0.03981900452488688 0.05421021645021645
1 0.28303058823529414 0.7999639826839827 0.14296422322775265 0.2971179220779221
0 0.463780874811463 1.029852813852814 0.39622371040723986 0.3272547186147186
0 0.6470853695324283 0.7477735064935065 0.20322171945701356 0.5661492640692641
0 0.5352620211161389 0.8491511688311688 0.08373478129713424 0.07831411255411255
