0 0.32688799999999996 0.30611244444444446 0.09377644444444443 0.276664
0 0.26422666666666667 0.24313866666666667 0.05285422222222222 0.05410133333333334
11 0.22848933333333335 0.26555822222222225 0.31734222222222225 0.35777244444444445
2 0.3038706666666667 0.34926755555555555 0.083544 0.1903537777777778
2 0.308348 0.41093555555555555 0.01662311111111111 0.05731688888888888
2 0.3256062222222222 0.2260742222222222 0.019607999999999997 0.057328
2 0.28042488888888883 0.2215582222222222 0.04262177777777778 0.06763244444444444
2 0.2787182222222222 0.17357466666666665 0.02045733333333333 0.04251288888888889
2 0.22070800000000002 0.17776133333333335 0.06905599999999999 0.054748888888888896
2 0.2371168888888889 0.11206044444444446 0.030268888888888887 0.021256444444444446
1 0.19688088888888886 0.33009600000000006 0.16965155555555556 0.2280164444444444
0 0.23375111111111108 0.1661728888888889 0.1734857777777778 0.12689155555555556
