2 0.3448918411552347 0.4353189891696751 0.3231942238267148 0.06026397111913358
11 0.5766064981949458 0.6607145126353791 1.1532118411552348 0.9890391335740072
2 0.45536924187725636 0.9057848375451264 0.28641039711191335 0.2980043321299639
2 0.24528981949458484 0.5701418050541517 0.2645360288808664 0.15895913357400723
2 0.2310573285198556 0.746732129963899 0.2260216606498195 0.20427205776173285
1 0.6303745848375452 0.855562166064982 0.3683407942238267 0.24777126353790613
1 0.8915638989169675 0.8245429602888086 0.18081270758122742 0.23265270758122744
0 0.31226801444043323 0.7601293862815884 0.274587725631769 0.51566440433213
0 0.4805279422382672 0.9451344404332129 0.299693285198556 0.28294931407942236
0 0.3809143682310469 0.4110463537906137 0.3683407942238267 0.1757874368231047
