0 0.9921093818181819 0.5950388377723971 0.3168360727272727 0.7770560774818402
2 0.5087906909090909 0.7446221791767554 0.10150865454545456 0.24479922518159805
2 0.6136133818181818 0.6491583535108959 0.11762734545454544 0.1078066828087167
2 0.7042094545454546 0.7794239225181597 0.12047243636363636 0.1302562711864407
2 0.7307682909090909 1.1735693946731234 0.11288203636363636 0.3391116707021792
2 0.5965358545454545 1.331901985472155 0.13470952727272725 0.24706014527845035
2 0.47748654545454544 1.3206779661016947 0.09770007272727273 0.20661772397094433
2 0.5173317818181817 1.0725098305084746 0.0521728 0.1774117191283293
2 1.0670545454545455 0.7783484745762712 0.16885410909090906 0.2132470702179177
2 0.900096 0.9209042130750605 0.1252096 0.265009588377724
2 0.8607266909090909 0.6424220823244553 0.11098181818181818 0.16169995157384986
2 0.8460276363636364 0.48521917675544796 0.07019985454545455 0.1078066828087167
2 0.9204910545454544 0.5705576755447942 0.05596392727272727 0.15270430992736078
2 1.0196224 0.9983860532687652 0.0853725090909091 0.21335554479418883
2 1.104045381818182 0.32351922518159804 0.07209076363636364 0.14822740920096852
1 0.4091869090909091 0.7241747215496368 0.2969181090909091 0.28969530266343824
1 0.6117131636363636 0.5366593704600484 0.17264523636363638 0.17065375302663438
11 0.6134818909090909 0.7762812590799031 1.0914362181818182 1.5467095399515738
1 0.9091048727272727 0.2673774334140436 0.12237265454545454 0.29645481840193705
1 0.27685469090909093 0.4335651331719128 0.14609105454545454 0.3817917675544794
0 0.6490914909090909 1.11898808716707 0.5881448727272728 0.8399465375302664
0 0.8204090181818182 0.9150713801452784 0.5672727272727273 0.8332102663438257
