2 0.5825443902439024 1.4111908831908833 0.11441170731707317 0.31447156695156697
2 0.5335089430894309 1.1072984615384616 0.12698926829268292 0.219328547008547
2 0.6567258536585366 1.3094564102564101 0.05908682926829268 0.15327179487179488
2 0.7736533333333333 1.3926947008547008 0.14206829268292684 0.10305094017094016
2 0.6573554471544715 1.5129271794871793 0.0678920325203252 0.1796868376068376
2 0.46938796747967476 1.4442301994301994 0.10435512195121951 0.1162794301994302
2 0.36126048780487807 0.9910299715099713 0.09681040650406504 0.15592113960113962
2 0.39394601626016257 1.2182883190883191 0.09429853658536586 0.0554794301994302
2 0.47693268292682933 1.3054905982905982 0.09681040650406504 0.12418552706552707
2 0.9710517073170732 1.0544483190883192 0.04651967479674798 0.12948603988603988
2 0.8006855284552846 1.0266985754985756 0.095549918699187 0.11100079772079773
2 0.9301866666666666 1.043880113960114 0.04023544715447154 0.0871931623931624
2 0.6579811382113822 1.1508950427350426 0.04903024390243903 0.06870792022792023
2 0.9151024390243903 1.2605702564102563 0.02765788617886179 0.08721504273504273
1 0.6196318699186992 0.9897043874643876 0.33443902439024387 0.25897207977207976
1 0.7723928455284553 0.9104300854700854 0.18733658536585365 0.17970689458689462
1 0.8698380487804878 0.7320578917378917 0.10309463414634147 0.3303074643874644
1 0.7742842276422764 0.7862226780626781 0.09303804878048781 0.13213538461538463
0 0.4304091056910569 1.2275418803418805 0.30048780487804877 0.8350450142450142
0 0.7045008130081301 1.3715491737891738 0.3985691056910569 0.5417299145299145
0 0.9000130081300813 1.0385376638176638 0.2891811382113821 0.6263776638176638
11 0.6319544715447155 0.8944154985754986 0.9215557723577236 1.6857362962962963
