1 0.344794808259587 1.3154874336283187 0.10396035398230087 0.17235398230088494
2 0.5143834808259587 0.34998230088495574 0.3537774631268436 0.46584070796460175
2 0.14049982300884956 0.8445309734513274 0.14774466076696166 0.6381592920353982
2 0.6931841887905604 0.740689557522124 0.02553392330383481 0.0615575221238938
2 0.4670046017699115 0.5601246017699115 0.06201769911504424 0.09030088495575221
2 0.4788597050147492 0.876123185840708 0.027358584070796457 0.06566371681415929
2 0.7652389380530973 0.94384 0.02918418879056047 0.06976991150442478
2 0.75247197640118 0.6504070796460176 0.027374631268436582 0.06159292035398229
2 0.3662300884955752 1.034140884955752 0.022796460176991152 0.0615575221238938
2 0.7574824778761062 0.5416453097345133 0.022796460176991152 0.041026548672566374
2 0.8190517994100294 0.7560877876106193 0.016424778761061947 0.07182300884955752
2 0.6111074926253687 0.6586024778761062 0.023709262536873155 0.04923893805309735
2 0.6270678466076696 0.8525493805309735 0.026461828908554568 0.0800353982300885
1 0.22759457227138644 1.1985132743362834 0.20154997050147494 0.3816637168141593
1 0.5016637168141592 1.1738945132743364 0.26267091445427726 0.46785840707964604
12 0.471976401179941 0.7462484955752213 0.943952802359882 1.3393628318584072
1 0.6626388200589971 1.3462654867256636 0.11217274336283185 0.11079646017699114
