0 0.59251 0.20259 0.146553 0.13908
2 0.311373 0.2239 0.086733 0.12786
3 0.513707 0.50289 0.820987 0.99078
2 0.242583 0.70281 0.080753 0.14356
2 0.764487 0.4527 0.10468 0.12786
2 0.730837 0.29456 0.097207 0.08972
2 0.276977 0.47401 0.089727 0.08524
2 0.587277 0.8217 0.258713 0.15702
2 0.654573 0.369705 0.163 0.12337
2 0.528207 0.49756 0.191413 0.19964
1 0.499047 0.493075 0.497973 0.65275
0 0.268007 0.57495 0.10468 0.1615
0 0.484093 0.290075 0.163 0.17047
0 0.74654 0.619815 0.137573 0.30507
0 0.44297 0.79478 0.24226 0.25572
0 0.41605 0.611965 0.128607 0.15029
