2 0.219129 0.479717 0.042188 0.06956
11 0.5 0.5 1.0 1.0
2 0.30606 0.209434 0.111094 0.140566
2 0.1574 0.601462 0.155335 0.11305
2 0.281875 0.644214 0.093616 0.097107
2 0.316339 0.818852 0.121384 0.191289
2 0.176953 0.873208 0.147121 0.227547
2 0.041674 0.799292 0.057589 0.062296
2 0.102879 0.441321 0.087455 0.140566
2 0.168717 0.394937 0.056585 0.06522
2 0.25 0.334811 0.070982 0.03478
2 0.173873 0.265959 0.060692 0.056509
1 0.406875 0.560881 0.150179 0.43478
1 0.663538 0.731903 0.431049 0.292736
1 0.863114 0.502909 0.081272 0.249277
0 0.257188 0.527563 0.451607 0.846384
