1 0.365267 0.929063 0.110133 0.121725
2 0.544925 0.247175 0.374783 0.329
2 0.148842 0.59645 0.156517 0.4507
2 0.734342 0.523112 0.02705 0.043475
2 0.494733 0.395588 0.0657 0.063775
2 0.507292 0.618762 0.028983 0.046375
2 0.810675 0.666587 0.030917 0.049275
2 0.79715 0.45935 0.029 0.0435
2 0.387975 0.730362 0.02415 0.043475
2 0.802458 0.382537 0.02415 0.028975
2 0.867683 0.533987 0.0174 0.050725
2 0.647392 0.465138 0.025117 0.034775
2 0.6643 0.602113 0.028033 0.056525
1 0.241108 0.84645 0.213517 0.26955
1 0.53145 0.829063 0.278267 0.330425
12 0.5 0.527038 1.0 0.945925
1 0.701983 0.9508 0.118833 0.07825
