2.0 0.892148 0.41425 0.215704 0.254167
7.0 0.5 0.5 1.0 1.0
1.0 0.506963 0.609667 0.986074 0.628333
0.0 0.284296 0.7705 0.348148 0.163333
0.0 0.387981 0.70425 0.297815 0.154167
0.0 0.380593 0.5613330000000001 0.336296 0.146667
0.0 0.119111 0.634667 0.186667 0.181667
0.0 0.162074 0.49466699999999997 0.251852 0.143333
2.0 0.133185 0.62175 0.262222 0.154167
2.0 0.126944 0.35966699999999996 0.253889 0.283333
2.0 0.363556 0.28134400000000004 0.317037 0.116687
2.0 0.276148 0.12424999999999997 0.536296 0.1925
2.0 0.650222 0.278833 0.268148 0.24
