2.0 0.10785199999999995 0.58575 0.215704 0.254167
7.0 0.5 0.5 1.0 1.0
1.0 0.49303699999999995 0.390333 0.986074 0.628333
0.0 0.715704 0.2295 0.348148 0.163333
0.0 0.612019 0.29575 0.297815 0.154167
0.0 0.619407 0.438667 0.336296 0.146667
0.0 0.880889 0.365333 0.186667 0.181667
0.0 0.837926 0.505333 0.251852 0.143333
2.0 0.866815 0.37825 0.262222 0.154167
2.0 0.873056 0.640333 0.253889 0.283333
2.0 0.636444 0.718656 0.317037 0.116687
2.0 0.7238519999999999 0.87575 0.536296 0.1925
2.0 0.34977800000000003 0.721167 0.268148 0.24
