2.0 0.41425 0.10785199999999995 0.254167 0.215704
7.0 0.5 0.5 1.0 1.0
1.0 0.609667 0.49303699999999995 0.628333 0.986074
0.0 0.7705 0.715704 0.163333 0.348148
0.0 0.70425 0.612019 0.154167 0.297815
0.0 0.5613330000000001 0.619407 0.146667 0.336296
0.0 0.634667 0.880889 0.181667 0.186667
0.0 0.49466699999999997 0.837926 0.143333 0.251852
2.0 0.62175 0.866815 0.154167 0.262222
2.0 0.35966699999999996 0.873056 0.283333 0.253889
2.0 0.28134400000000004 0.636444 0.116687 0.317037
2.0 0.12424999999999997 0.7238519999999999 0.1925 0.536296
2.0 0.278833 0.34977800000000003 0.24 0.268148
