1.0 0.417475 0.6671 0.6058 0.314
2.0 0.845725 0.336183 0.17825 0.139133
2.0 0.827613 0.468067 0.231875 0.103367
2.0 0.747175 0.720242 0.18405 0.23865
2.0 0.626875 0.536675 0.1058 0.134317
2.0 0.35515 0.5009170000000001 0.11885 0.192267
0.0 0.666737 0.30674199999999996 0.588425 0.613483
0.0 0.245 0.35019199999999995 0.33045 0.431883
2.0 0.58485 0.349225 0.0797 0.147817
2.0 0.788475 0.14100800000000002 0.1768 0.108217
2.0 0.621088 0.049250000000000016 0.334775 0.0985
4.0 0.515412 0.497533 0.966675 0.995067
