1.0 0.6671 0.582525 0.314 0.6058
2.0 0.336183 0.15427500000000005 0.139133 0.17825
2.0 0.468067 0.17238699999999996 0.103367 0.231875
2.0 0.720242 0.25282499999999997 0.23865 0.18405
2.0 0.536675 0.37312500000000004 0.134317 0.1058
2.0 0.5009170000000001 0.6448499999999999 0.192267 0.11885
0.0 0.30674199999999996 0.333263 0.613483 0.588425
0.0 0.35019199999999995 0.755 0.431883 0.33045
2.0 0.349225 0.41515 0.147817 0.0797
2.0 0.14100800000000002 0.21152499999999996 0.108217 0.1768
2.0 0.049250000000000016 0.378912 0.0985 0.334775
4.0 0.497533 0.484588 0.995067 0.966675
