1.0 0.582525 0.3329 0.6058 0.314
2.0 0.15427500000000005 0.663817 0.17825 0.139133
2.0 0.17238699999999996 0.531933 0.231875 0.103367
2.0 0.25282499999999997 0.279758 0.18405 0.23865
2.0 0.37312500000000004 0.463325 0.1058 0.134317
2.0 0.6448499999999999 0.499083 0.11885 0.192267
0.0 0.333263 0.693258 0.588425 0.613483
0.0 0.755 0.649808 0.33045 0.431883
2.0 0.41515 0.650775 0.0797 0.147817
2.0 0.21152499999999996 0.858992 0.1768 0.108217
2.0 0.378912 0.95075 0.334775 0.0985
4.0 0.484588 0.502467 0.966675 0.995067
