0.0 0.79741 0.59251 0.13908 0.146553
2.0 0.7761 0.311373 0.12786 0.086733
3.0 0.49711000000000005 0.513707 0.99078 0.820987
2.0 0.29718999999999995 0.242583 0.14356 0.080753
2.0 0.5473 0.764487 0.12786 0.10468
2.0 0.7054400000000001 0.730837 0.08972 0.097207
2.0 0.52599 0.276977 0.08524 0.089727
2.0 0.17830000000000001 0.587277 0.15702 0.258713
2.0 0.630295 0.654573 0.12337 0.163
2.0 0.50244 0.528207 0.19964 0.191413
1.0 0.5069250000000001 0.499047 0.65275 0.497973
0.0 0.42505000000000004 0.268007 0.1615 0.10468
0.0 0.7099249999999999 0.484093 0.17047 0.163
0.0 0.380185 0.74654 0.30507 0.137573
0.0 0.20521999999999996 0.44297 0.25572 0.24226
0.0 0.388035 0.41605 0.15029 0.128607
