0.0 0.20259 0.40749 0.13908 0.146553
2.0 0.2239 0.688627 0.12786 0.086733
3.0 0.50289 0.486293 0.99078 0.820987
2.0 0.70281 0.757417 0.14356 0.080753
2.0 0.4527 0.23551299999999997 0.12786 0.10468
2.0 0.29456 0.26916300000000004 0.08972 0.097207
2.0 0.47401 0.723023 0.08524 0.089727
2.0 0.8217 0.41272299999999995 0.15702 0.258713
2.0 0.369705 0.34542700000000004 0.12337 0.163
2.0 0.49756 0.471793 0.19964 0.191413
1.0 0.493075 0.500953 0.65275 0.497973
0.0 0.57495 0.731993 0.1615 0.10468
0.0 0.290075 0.515907 0.17047 0.163
0.0 0.619815 0.25346 0.30507 0.137573
0.0 0.79478 0.55703 0.25572 0.24226
0.0 0.611965 0.58395 0.15029 0.128607
