0.0 0.40749 0.79741 0.146553 0.13908
2.0 0.688627 0.7761 0.086733 0.12786
3.0 0.486293 0.49711000000000005 0.820987 0.99078
2.0 0.757417 0.29718999999999995 0.080753 0.14356
2.0 0.23551299999999997 0.5473 0.10468 0.12786
2.0 0.26916300000000004 0.7054400000000001 0.097207 0.08972
2.0 0.723023 0.52599 0.089727 0.08524
2.0 0.41272299999999995 0.17830000000000001 0.258713 0.15702
2.0 0.34542700000000004 0.630295 0.163 0.12337
2.0 0.471793 0.50244 0.191413 0.19964
1.0 0.500953 0.5069250000000001 0.497973 0.65275
0.0 0.731993 0.42505000000000004 0.10468 0.1615
0.0 0.515907 0.7099249999999999 0.163 0.17047
0.0 0.25346 0.380185 0.137573 0.30507
0.0 0.55703 0.20521999999999996 0.24226 0.25572
0.0 0.58395 0.388035 0.128607 0.15029
