4.0 0.511245 0.50126 0.977509 0.725977
2.0 0.595604 0.44520000000000004 0.211617 0.066572
2.0 0.342156 0.47782199999999997 0.148253 0.145137
2.0 0.226208 0.5327489999999999 0.139405 0.269639
2.0 0.294638 0.654922 0.081097 0.113184
2.0 0.447974 0.626294 0.088699 0.070576
2.0 0.553151 0.664907 0.12671 0.141143
2.0 0.586738 0.758447 0.427045 0.120508
0.0 0.453671 0.34067400000000003 0.138123 0.130488
0.0 0.643123 0.641938 0.608253 0.179092
0.0 0.319349 0.47582 0.269926 0.439414
1.0 0.722333 0.43721200000000005 0.546152 0.304932
