4.0 0.50126 0.48875500000000005 0.725977 0.977509
2.0 0.44520000000000004 0.404396 0.066572 0.211617
2.0 0.47782199999999997 0.657844 0.145137 0.148253
2.0 0.5327489999999999 0.773792 0.269639 0.139405
2.0 0.654922 0.705362 0.113184 0.081097
2.0 0.626294 0.552026 0.070576 0.088699
2.0 0.664907 0.44684900000000005 0.141143 0.12671
2.0 0.758447 0.413262 0.120508 0.427045
0.0 0.34067400000000003 0.5463290000000001 0.130488 0.138123
0.0 0.641938 0.356877 0.179092 0.608253
0.0 0.47582 0.680651 0.439414 0.269926
1.0 0.43721200000000005 0.277667 0.304932 0.546152
