4.0 0.48875500000000005 0.49874 0.977509 0.725977
2.0 0.404396 0.5548 0.211617 0.066572
2.0 0.657844 0.522178 0.148253 0.145137
2.0 0.773792 0.467251 0.139405 0.269639
2.0 0.705362 0.345078 0.081097 0.113184
2.0 0.552026 0.373706 0.088699 0.070576
2.0 0.44684900000000005 0.335093 0.12671 0.141143
2.0 0.413262 0.241553 0.427045 0.120508
0.0 0.5463290000000001 0.659326 0.138123 0.130488
0.0 0.356877 0.358062 0.608253 0.179092
0.0 0.680651 0.52418 0.269926 0.439414
1.0 0.277667 0.562788 0.546152 0.304932
