0.0 0.350187 0.331958 0.157303 0.248889
1.0 0.49018700000000004 0.5 0.930187 1.0
0.0 0.6994009999999999 0.47492100000000004 0.270562 0.362963
0.0 0.7340070000000001 0.888254 0.130037 0.137778
2.0 0.141498 0.780106 0.085993 0.146667
2.0 0.18921299999999996 0.143069 0.095431 0.131852
2.0 0.455056 0.439365 0.12794 0.096296
2.0 0.325543 0.555661 0.219176 0.26963
2.0 0.681573 0.475661 0.054532 0.133333
2.0 0.765993 0.708995 0.120599 0.2
2.0 0.474457 0.7438100000000001 0.382772 0.402963
8.0 0.5 0.5 1.0 1.0
