0.0 0.6160140000000001 0.852594 0.501444 0.272281
2.0 0.519486 0.437242 0.157972 0.087234
2.0 0.58109 0.527324 0.069569 0.101086
2.0 0.497028 0.60518 0.084056 0.103531
2.0 0.24268100000000004 0.628004 0.218833 0.097008
2.0 0.14050700000000005 0.512648 0.159431 0.115766
2.0 0.14775000000000005 0.41034 0.133333 0.083961
2.0 0.30789599999999995 0.444582 0.114486 0.044836
2.0 0.497722 0.917 0.137611 0.145109
2.0 0.405729 0.77352 0.171014 0.107602
2.0 0.585437 0.739687 0.104347 0.095375
2.0 0.686882 0.727055 0.069569 0.060328
2.0 0.631812 0.791047 0.098542 0.048094
2.0 0.35572899999999996 0.876238 0.137681 0.073367
2.0 0.791229 0.948789 0.095653 0.061953
1.0 0.532681 0.351645 0.186944 0.255164
1.0 0.653687 0.525691 0.110125 0.148367
11.0 0.49905600000000006 0.527211 0.998111 0.937953
1.0 0.827458 0.781262 0.191306 0.105164
1.0 0.720215 0.237922 0.246375 0.125547
0.0 0.277903 0.557813 0.542028 0.505437
0.0 0.409493 0.705039 0.537681 0.4875
