0.0 0.14740600000000004 0.6160140000000001 0.272281 0.501444
2.0 0.562758 0.519486 0.087234 0.157972
2.0 0.472676 0.58109 0.101086 0.069569
2.0 0.39481999999999995 0.497028 0.103531 0.084056
2.0 0.371996 0.24268100000000004 0.097008 0.218833
2.0 0.487352 0.14050700000000005 0.115766 0.159431
2.0 0.5896600000000001 0.14775000000000005 0.083961 0.133333
2.0 0.555418 0.30789599999999995 0.044836 0.114486
2.0 0.08299999999999996 0.497722 0.145109 0.137611
2.0 0.22648000000000001 0.405729 0.107602 0.171014
2.0 0.260313 0.585437 0.095375 0.104347
2.0 0.272945 0.686882 0.060328 0.069569
2.0 0.20895300000000006 0.631812 0.048094 0.098542
2.0 0.12376200000000004 0.35572899999999996 0.073367 0.137681
2.0 0.051211000000000007 0.791229 0.061953 0.095653
1.0 0.648355 0.532681 0.255164 0.186944
1.0 0.474309 0.653687 0.148367 0.110125
11.0 0.472789 0.49905600000000006 0.937953 0.998111
1.0 0.218738 0.827458 0.105164 0.191306
1.0 0.762078 0.720215 0.125547 0.246375
0.0 0.442187 0.277903 0.505437 0.542028
0.0 0.29496100000000003 0.409493 0.4875 0.537681
