0.0 0.383986 0.14740600000000004 0.501444 0.272281
2.0 0.480514 0.562758 0.157972 0.087234
2.0 0.41891 0.472676 0.069569 0.101086
2.0 0.502972 0.39481999999999995 0.084056 0.103531
2.0 0.757319 0.371996 0.218833 0.097008
2.0 0.859493 0.487352 0.159431 0.115766
2.0 0.85225 0.5896600000000001 0.133333 0.083961
2.0 0.692104 0.555418 0.114486 0.044836
2.0 0.502278 0.08299999999999996 0.137611 0.145109
2.0 0.594271 0.22648000000000001 0.171014 0.107602
2.0 0.414563 0.260313 0.104347 0.095375
2.0 0.313118 0.272945 0.069569 0.060328
2.0 0.368188 0.20895300000000006 0.098542 0.048094
2.0 0.644271 0.12376200000000004 0.137681 0.073367
2.0 0.208771 0.051211000000000007 0.095653 0.061953
1.0 0.467319 0.648355 0.186944 0.255164
1.0 0.346313 0.474309 0.110125 0.148367
11.0 0.500944 0.472789 0.998111 0.937953
1.0 0.172542 0.218738 0.191306 0.105164
1.0 0.279785 0.762078 0.246375 0.125547
0.0 0.722097 0.442187 0.542028 0.505437
0.0 0.590507 0.29496100000000003 0.537681 0.4875
