2.0 0.22757300000000003 0.37386699999999995 0.168104 0.118828
2.0 0.256552 0.24415600000000004 0.171979 0.076812
2.0 0.544531 0.323141 0.133229 0.069562
2.0 0.36767700000000003 0.541258 0.131396 0.128984
2.0 0.5178130000000001 0.640531 0.139125 0.076812
2.0 0.18216699999999997 0.459375 0.061833 0.040594
2.0 0.247865 0.5514060000000001 0.104354 0.19275
11.0 0.49938499999999997 0.39914099999999997 0.948854 0.697031
0.0 0.332885 0.419523 0.305313 0.517391
0.0 0.5232289999999999 0.323148 0.175833 0.089859
1.0 0.65849 0.28473400000000004 0.407729 0.273906
