2.0 0.626133 0.22757300000000003 0.118828 0.168104
2.0 0.755844 0.256552 0.076812 0.171979
2.0 0.676859 0.544531 0.069562 0.133229
2.0 0.458742 0.36767700000000003 0.128984 0.131396
2.0 0.359469 0.5178130000000001 0.076812 0.139125
2.0 0.540625 0.18216699999999997 0.040594 0.061833
2.0 0.448594 0.247865 0.19275 0.104354
11.0 0.600859 0.49938499999999997 0.697031 0.948854
0.0 0.580477 0.332885 0.517391 0.305313
0.0 0.676852 0.5232289999999999 0.089859 0.175833
1.0 0.715266 0.65849 0.273906 0.407729
