2.0 0.409778 0.686 0.201489 0.233333
2.0 0.20090600000000003 0.842113 0.174856 0.167775
2.0 0.5097780000000001 0.934333 0.114067 0.101117
2.0 0.865333 0.735446 0.0874 0.112225
4.0 0.498961 0.500221 0.997922 0.999558
1.0 0.697183 0.426 0.545189 0.488883
0.0 0.28012800000000004 0.511554 0.537744 0.668892
0.0 0.826072 0.738221 0.340744 0.328892
0.0 0.497189 0.831888 0.355556 0.336225
2.0 0.278667 0.307667 0.185178 0.11445
2.0 0.11199999999999999 0.557667 0.139267 0.112217
2.0 0.38681699999999997 0.463225 0.114078 0.136667
