2.0 0.590222 0.31399999999999995 0.201489 0.233333
2.0 0.799094 0.157887 0.174856 0.167775
2.0 0.490222 0.06566700000000003 0.114067 0.101117
2.0 0.134667 0.26455399999999996 0.0874 0.112225
4.0 0.501039 0.499779 0.997922 0.999558
1.0 0.302817 0.5740000000000001 0.545189 0.488883
0.0 0.719872 0.48844600000000005 0.537744 0.668892
0.0 0.173928 0.261779 0.340744 0.328892
0.0 0.502811 0.16811200000000004 0.355556 0.336225
2.0 0.721333 0.692333 0.185178 0.11445
2.0 0.888 0.442333 0.139267 0.112217
2.0 0.613183 0.536775 0.114078 0.136667
