2.0 0.31399999999999995 0.409778 0.233333 0.201489
2.0 0.157887 0.20090600000000003 0.167775 0.174856
2.0 0.06566700000000003 0.5097780000000001 0.101117 0.114067
2.0 0.26455399999999996 0.865333 0.112225 0.0874
4.0 0.499779 0.498961 0.999558 0.997922
1.0 0.5740000000000001 0.697183 0.488883 0.545189
0.0 0.48844600000000005 0.28012800000000004 0.668892 0.537744
0.0 0.261779 0.826072 0.328892 0.340744
0.0 0.16811200000000004 0.497189 0.336225 0.355556
2.0 0.692333 0.278667 0.11445 0.185178
2.0 0.442333 0.11199999999999999 0.112217 0.139267
2.0 0.536775 0.38681699999999997 0.136667 0.114078
