0.0 0.676894 0.31628500000000004 0.463688 0.523837
0.0 0.298366 0.44130400000000003 0.124455 0.452552
2.0 0.303626 0.737741 0.407252 0.405047
2.0 0.562809 0.31571800000000005 0.111114 0.140284
2.0 0.475408 0.637042 0.122946 0.147089
2.0 0.334678 0.451484 0.182228 0.160662
2.0 0.547265 0.503573 0.216312 0.13569
2.0 0.4362 0.22182400000000002 0.106559 0.070113
2.0 0.116584 0.48656 0.233168 0.90741
4.0 0.5 0.492788 1.0 0.93794
1.0 0.662054 0.700388 0.481535 0.443497
0.0 0.425037 0.452079 0.164431 0.648204
