0.0 0.31628500000000004 0.323106 0.523837 0.463688
0.0 0.44130400000000003 0.701634 0.452552 0.124455
2.0 0.737741 0.696374 0.405047 0.407252
2.0 0.31571800000000005 0.437191 0.140284 0.111114
2.0 0.637042 0.524592 0.147089 0.122946
2.0 0.451484 0.665322 0.160662 0.182228
2.0 0.503573 0.452735 0.13569 0.216312
2.0 0.22182400000000002 0.5638000000000001 0.070113 0.106559
2.0 0.48656 0.883416 0.90741 0.233168
4.0 0.492788 0.5 0.93794 1.0
1.0 0.700388 0.33794599999999997 0.443497 0.481535
0.0 0.452079 0.574963 0.648204 0.164431
