0.0 0.698492 0.12021499999999996 0.164672 0.237681
0.0 0.17267600000000005 0.765868 0.105977 0.230431
0.0 0.766969 0.7984789999999999 0.189125 0.202903
0.0 0.8741760000000001 0.5716669999999999 0.170398 0.233333
0.0 0.23830099999999999 0.07963900000000002 0.158961 0.147833
2.0 0.04910199999999998 0.481104 0.097156 0.340958
2.0 0.127957 0.6145689999999999 0.058039 0.083
2.0 0.597969 0.875889 0.102203 0.170472
2.0 0.7291909999999999 0.771583 0.054258 0.136833
2.0 0.23016400000000004 0.518111 0.085797 0.284889
2.0 0.45223 0.44745100000000004 0.058039 0.161514
2.0 0.514687 0.28258300000000003 0.127438 0.154778
2.0 0.685656 0.317354 0.158984 0.233292
1.0 0.502703 0.47607600000000005 0.880703 0.952153
2.0 0.23646900000000004 0.778319 0.158984 0.217583
0.0 0.5715 0.043493000000000004 0.087625 0.086986
0.0 0.270539 0.890472 0.075703 0.136833
0.0 0.380312 0.939819 0.068141 0.118889
2.0 0.385359 0.850097 0.063094 0.065056
2.0 0.980363 0.5382990000000001 0.039273 0.087486
3.0 0.500129 0.499201 0.999742 0.997014
2.0 0.48756200000000005 0.9615 0.085797 0.077
2.0 0.397977 0.73009 0.143844 0.165986
2.0 0.7903830000000001 0.530444 0.095891 0.098694
2.0 0.938012 0.335299 0.085805 0.067292
2.0 0.15130100000000002 0.11210399999999998 0.069398 0.159264
