0.0 0.12021499999999996 0.301508 0.237681 0.164672
0.0 0.765868 0.827324 0.230431 0.105977
0.0 0.7984789999999999 0.233031 0.202903 0.189125
0.0 0.5716669999999999 0.125824 0.233333 0.170398
0.0 0.07963900000000002 0.761699 0.147833 0.158961
2.0 0.481104 0.950898 0.340958 0.097156
2.0 0.6145689999999999 0.872043 0.083 0.058039
2.0 0.875889 0.402031 0.170472 0.102203
2.0 0.771583 0.270809 0.136833 0.054258
2.0 0.518111 0.769836 0.284889 0.085797
2.0 0.44745100000000004 0.54777 0.161514 0.058039
2.0 0.28258300000000003 0.485313 0.154778 0.127438
2.0 0.317354 0.314344 0.233292 0.158984
1.0 0.47607600000000005 0.497297 0.952153 0.880703
2.0 0.778319 0.763531 0.217583 0.158984
0.0 0.043493000000000004 0.4285 0.086986 0.087625
0.0 0.890472 0.729461 0.136833 0.075703
0.0 0.939819 0.619688 0.118889 0.068141
2.0 0.850097 0.614641 0.065056 0.063094
2.0 0.5382990000000001 0.019637 0.087486 0.039273
3.0 0.499201 0.499871 0.997014 0.999742
2.0 0.9615 0.512438 0.077 0.085797
2.0 0.73009 0.602023 0.165986 0.143844
2.0 0.530444 0.209617 0.098694 0.095891
2.0 0.335299 0.061988 0.067292 0.085805
2.0 0.11210399999999998 0.848699 0.159264 0.069398
