0.0 0.879785 0.698492 0.237681 0.164672
0.0 0.234132 0.17267600000000005 0.230431 0.105977
0.0 0.201521 0.766969 0.202903 0.189125
0.0 0.428333 0.8741760000000001 0.233333 0.170398
0.0 0.920361 0.23830099999999999 0.147833 0.158961
2.0 0.518896 0.04910199999999998 0.340958 0.097156
2.0 0.385431 0.127957 0.083 0.058039
2.0 0.124111 0.597969 0.170472 0.102203
2.0 0.228417 0.7291909999999999 0.136833 0.054258
2.0 0.481889 0.23016400000000004 0.284889 0.085797
2.0 0.552549 0.45223 0.161514 0.058039
2.0 0.717417 0.514687 0.154778 0.127438
2.0 0.682646 0.685656 0.233292 0.158984
1.0 0.523924 0.502703 0.952153 0.880703
2.0 0.221681 0.23646900000000004 0.217583 0.158984
0.0 0.956507 0.5715 0.086986 0.087625
0.0 0.109528 0.270539 0.136833 0.075703
0.0 0.060181 0.380312 0.118889 0.068141
2.0 0.149903 0.385359 0.065056 0.063094
2.0 0.461701 0.980363 0.087486 0.039273
3.0 0.500799 0.500129 0.997014 0.999742
2.0 0.0385 0.48756200000000005 0.077 0.085797
2.0 0.26991 0.397977 0.165986 0.143844
2.0 0.469556 0.7903830000000001 0.098694 0.095891
2.0 0.664701 0.938012 0.067292 0.085805
2.0 0.887896 0.15130100000000002 0.159264 0.069398
