2.0 0.367544 0.822684 0.16593 0.263708
2.0 0.5156890000000001 0.927871 0.195556 0.115556
0.0 0.5179119999999999 0.7649 0.17925 0.222222
5.0 0.48299899999999996 0.493052 0.965997 0.970361
1.0 0.47050899999999996 0.505649 0.368889 0.364444
2.0 0.16532100000000005 0.532309 0.291847 0.758514
2.0 0.383842 0.187122 0.296305 0.266667
2.0 0.80828 0.599719 0.277041 0.445917
1.0 0.651988 0.14344 0.299264 0.185141
1.0 0.8119879999999999 0.287865 0.16593 0.216292
2.0 0.6771750000000001 0.787129 0.195556 0.322959
