2.0 0.17731600000000003 0.367544 0.263708 0.16593
2.0 0.072129 0.5156890000000001 0.115556 0.195556
0.0 0.23509999999999998 0.5179119999999999 0.222222 0.17925
5.0 0.506948 0.48299899999999996 0.970361 0.965997
1.0 0.494351 0.47050899999999996 0.364444 0.368889
2.0 0.46769099999999997 0.16532100000000005 0.758514 0.291847
2.0 0.812878 0.383842 0.266667 0.296305
2.0 0.400281 0.80828 0.445917 0.277041
1.0 0.85656 0.651988 0.185141 0.299264
1.0 0.712135 0.8119879999999999 0.216292 0.16593
2.0 0.21287100000000003 0.6771750000000001 0.322959 0.195556
