4.0 0.458654 0.508754 0.731862 0.789631
1.0 0.5016229999999999 0.355415 0.296292 0.272585
0.0 0.686808 0.569492 0.133338 0.410369
0.0 0.45791499999999996 0.657638 0.431123 0.3674
0.0 0.260877 0.462092 0.271108 0.56
0.0 0.47346900000000003 0.4169 0.103708 0.114077
2.0 0.45717699999999994 0.350977 0.222231 0.1274
2.0 0.27050799999999997 0.290238 0.124431 0.154077
2.0 0.22753100000000004 0.542069 0.174785 0.269677
2.0 0.684585 0.469492 0.102215 0.195569
2.0 0.6438459999999999 0.611715 0.219262 0.124446
2.0 0.587546 0.747269 0.165923 0.197031
2.0 0.46309999999999996 0.772454 0.1926 0.241492
2.0 0.42902300000000004 0.550231 0.162969 0.268154
2.0 0.6334770000000001 0.816154 0.109631 0.088892
