4.0 0.541346 0.49124599999999996 0.731862 0.789631
1.0 0.498377 0.644585 0.296292 0.272585
0.0 0.313192 0.430508 0.133338 0.410369
0.0 0.542085 0.34236200000000006 0.431123 0.3674
0.0 0.739123 0.537908 0.271108 0.56
0.0 0.526531 0.5831 0.103708 0.114077
2.0 0.542823 0.649023 0.222231 0.1274
2.0 0.729492 0.709762 0.124431 0.154077
2.0 0.772469 0.457931 0.174785 0.269677
2.0 0.315415 0.530508 0.102215 0.195569
2.0 0.356154 0.388285 0.219262 0.124446
2.0 0.412454 0.25273100000000004 0.165923 0.197031
2.0 0.5369 0.22754600000000003 0.1926 0.241492
2.0 0.570977 0.449769 0.162969 0.268154
2.0 0.366523 0.18384599999999995 0.109631 0.088892
