4.0 0.49124599999999996 0.458654 0.789631 0.731862
1.0 0.644585 0.5016229999999999 0.272585 0.296292
0.0 0.430508 0.686808 0.410369 0.133338
0.0 0.34236200000000006 0.45791499999999996 0.3674 0.431123
0.0 0.537908 0.260877 0.56 0.271108
0.0 0.5831 0.47346900000000003 0.114077 0.103708
2.0 0.649023 0.45717699999999994 0.1274 0.222231
2.0 0.709762 0.27050799999999997 0.154077 0.124431
2.0 0.457931 0.22753100000000004 0.269677 0.174785
2.0 0.530508 0.684585 0.195569 0.102215
2.0 0.388285 0.6438459999999999 0.124446 0.219262
2.0 0.25273100000000004 0.587546 0.197031 0.165923
2.0 0.22754600000000003 0.46309999999999996 0.241492 0.1926
2.0 0.449769 0.42902300000000004 0.268154 0.162969
2.0 0.18384599999999995 0.6334770000000001 0.088892 0.109631
