2.0 0.77395 0.552169 0.172468 0.087954
2.0 0.607284 0.589865 0.120288 0.097623
2.0 0.718155 0.49514199999999997 0.08406 0.045423
2.0 0.763806 0.405254 0.056517 0.109215
2.0 0.829746 0.49465800000000004 0.098547 0.052192
2.0 0.79207 0.639158 0.063772 0.080223
2.0 0.543518 0.722281 0.085513 0.074423
2.0 0.668155 0.697154 0.030427 0.072492
2.0 0.71598 0.633358 0.068108 0.074423
2.0 0.578299 0.25350399999999995 0.071015 0.035762
2.0 0.56308 0.38447299999999995 0.060877 0.073454
2.0 0.572503 0.28491900000000003 0.04782 0.030931
2.0 0.631194 0.494177 0.037682 0.037692
2.0 0.691344 0.296515 0.047832 0.021262
1.0 0.542791 0.523658 0.14203 0.2571
1.0 0.499314 0.406223 0.098558 0.144015
1.0 0.401488 0.33131200000000005 0.181153 0.079254
1.0 0.431194 0.40476900000000005 0.072468 0.071523
0.0 0.67323 0.669123 0.45797 0.231
0.0 0.752209 0.458415 0.297105 0.3064
0.0 0.569573 0.308115 0.343529 0.222308
11.0 0.490531 0.514185 0.924521 0.708446
