2.0 0.552169 0.22604999999999997 0.087954 0.172468
2.0 0.589865 0.39271599999999995 0.097623 0.120288
2.0 0.49514199999999997 0.281845 0.045423 0.08406
2.0 0.405254 0.23619400000000002 0.109215 0.056517
2.0 0.49465800000000004 0.17025400000000002 0.052192 0.098547
2.0 0.639158 0.20792999999999995 0.080223 0.063772
2.0 0.722281 0.45648200000000005 0.074423 0.085513
2.0 0.697154 0.33184499999999995 0.072492 0.030427
2.0 0.633358 0.28402000000000005 0.074423 0.068108
2.0 0.25350399999999995 0.421701 0.035762 0.071015
2.0 0.38447299999999995 0.43692 0.073454 0.060877
2.0 0.28491900000000003 0.427497 0.030931 0.04782
2.0 0.494177 0.36880599999999997 0.037692 0.037682
2.0 0.296515 0.30865600000000004 0.021262 0.047832
1.0 0.523658 0.457209 0.2571 0.14203
1.0 0.406223 0.500686 0.144015 0.098558
1.0 0.33131200000000005 0.5985119999999999 0.079254 0.181153
1.0 0.40476900000000005 0.5688059999999999 0.071523 0.072468
0.0 0.669123 0.32677 0.231 0.45797
0.0 0.458415 0.24779099999999998 0.3064 0.297105
0.0 0.308115 0.430427 0.222308 0.343529
11.0 0.514185 0.509469 0.708446 0.924521
