2.0 0.22604999999999997 0.447831 0.172468 0.087954
2.0 0.39271599999999995 0.410135 0.120288 0.097623
2.0 0.281845 0.504858 0.08406 0.045423
2.0 0.23619400000000002 0.594746 0.056517 0.109215
2.0 0.17025400000000002 0.505342 0.098547 0.052192
2.0 0.20792999999999995 0.360842 0.063772 0.080223
2.0 0.45648200000000005 0.277719 0.085513 0.074423
2.0 0.33184499999999995 0.302846 0.030427 0.072492
2.0 0.28402000000000005 0.366642 0.068108 0.074423
2.0 0.421701 0.746496 0.071015 0.035762
2.0 0.43692 0.615527 0.060877 0.073454
2.0 0.427497 0.715081 0.04782 0.030931
2.0 0.36880599999999997 0.505823 0.037682 0.037692
2.0 0.30865600000000004 0.703485 0.047832 0.021262
1.0 0.457209 0.476342 0.14203 0.2571
1.0 0.500686 0.593777 0.098558 0.144015
1.0 0.5985119999999999 0.668688 0.181153 0.079254
1.0 0.5688059999999999 0.595231 0.072468 0.071523
0.0 0.32677 0.330877 0.45797 0.231
0.0 0.24779099999999998 0.541585 0.297105 0.3064
0.0 0.430427 0.691885 0.343529 0.222308
11.0 0.509469 0.485815 0.924521 0.708446
