2.0 0.40212400000000004 0.58264 0.053628 0.046372
2.0 0.318794 0.515007 0.115951 0.036711
2.0 0.18038699999999996 0.551726 0.036217 0.042507
0.0 0.220962 0.464285 0.224624 0.443466
11.0 0.42530999999999997 0.434882 0.740885 0.683127
2.0 0.373131 0.688923 0.068119 0.04059
2.0 0.17459100000000005 0.310656 0.102898 0.045413
2.0 0.48618399999999995 0.629019 0.027544 0.081165
2.0 0.406471 0.51646 0.044934 0.031888
2.0 0.452843 0.546416 0.073916 0.051209
1.0 0.33691400000000005 0.279742 0.184049 0.215472
0.0 0.5103759999999999 0.602257 0.411593 0.252183
2.0 0.6187940000000001 0.53868 0.04927 0.053142
2.0 0.5521240000000001 0.561386 0.055088 0.056047
2.0 0.617345 0.602935 0.069558 0.061829
2.0 0.268794 0.439159 0.114491 0.097581
