2.0 0.41735999999999995 0.40212400000000004 0.046372 0.053628
2.0 0.484993 0.318794 0.036711 0.115951
2.0 0.44827399999999995 0.18038699999999996 0.042507 0.036217
0.0 0.5357149999999999 0.220962 0.443466 0.224624
11.0 0.565118 0.42530999999999997 0.683127 0.740885
2.0 0.31107700000000005 0.373131 0.04059 0.068119
2.0 0.689344 0.17459100000000005 0.045413 0.102898
2.0 0.370981 0.48618399999999995 0.081165 0.027544
2.0 0.48353999999999997 0.406471 0.031888 0.044934
2.0 0.453584 0.452843 0.051209 0.073916
1.0 0.7202580000000001 0.33691400000000005 0.215472 0.184049
0.0 0.39774299999999996 0.5103759999999999 0.252183 0.411593
2.0 0.46131999999999995 0.6187940000000001 0.053142 0.04927
2.0 0.43861399999999995 0.5521240000000001 0.056047 0.055088
2.0 0.397065 0.617345 0.061829 0.069558
2.0 0.5608409999999999 0.268794 0.097581 0.114491
