2.0 0.597876 0.41735999999999995 0.053628 0.046372
2.0 0.681206 0.484993 0.115951 0.036711
2.0 0.819613 0.44827399999999995 0.036217 0.042507
0.0 0.779038 0.5357149999999999 0.224624 0.443466
11.0 0.57469 0.565118 0.740885 0.683127
2.0 0.626869 0.31107700000000005 0.068119 0.04059
2.0 0.825409 0.689344 0.102898 0.045413
2.0 0.513816 0.370981 0.027544 0.081165
2.0 0.593529 0.48353999999999997 0.044934 0.031888
2.0 0.547157 0.453584 0.073916 0.051209
1.0 0.663086 0.7202580000000001 0.184049 0.215472
0.0 0.489624 0.39774299999999996 0.411593 0.252183
2.0 0.381206 0.46131999999999995 0.04927 0.053142
2.0 0.447876 0.43861399999999995 0.055088 0.056047
2.0 0.382655 0.397065 0.069558 0.061829
2.0 0.731206 0.5608409999999999 0.114491 0.097581
