2.0 0.302087 0.796508 0.325667 0.1494
1.0 0.541476 0.45935800000000004 0.917048 0.625567
2.0 0.150667 0.7585580000000001 0.260222 0.134217
2.0 0.106913 0.661887 0.213825 0.215708
2.0 0.582857 0.816079 0.26327 0.167775
0.0 0.317302 0.5037 0.243492 0.199733
0.0 0.371325 0.698238 0.196302 0.090275
0.0 0.429913 0.41541700000000004 0.255667 0.1494
0.0 0.886921 0.44657500000000006 0.226159 0.237283
0.0 0.156746 0.31594999999999995 0.190222 0.102267
0.0 0.049079 0.45136699999999996 0.098159 0.205333
7.0 0.5 0.5023 1.0 0.91815
