2.0 0.796508 0.697913 0.1494 0.325667
1.0 0.45935800000000004 0.45852400000000004 0.625567 0.917048
2.0 0.7585580000000001 0.849333 0.134217 0.260222
2.0 0.661887 0.893087 0.215708 0.213825
2.0 0.816079 0.41714300000000004 0.167775 0.26327
0.0 0.5037 0.682698 0.199733 0.243492
0.0 0.698238 0.628675 0.090275 0.196302
0.0 0.41541700000000004 0.570087 0.1494 0.255667
0.0 0.44657500000000006 0.11307900000000004 0.237283 0.226159
0.0 0.31594999999999995 0.843254 0.102267 0.190222
0.0 0.45136699999999996 0.950921 0.205333 0.098159
7.0 0.5023 0.5 0.91815 1.0
