0.0 0.62887 0.262188 0.74226 0.481771
4.0 0.49865099999999996 0.5 0.997302 1.0
2.0 0.19462999999999997 0.20885399999999998 0.215115 0.158229
2.0 0.12094300000000002 0.724411 0.160177 0.140448
2.0 0.5368539999999999 0.13241099999999995 0.423104 0.211552
2.0 0.47391700000000003 0.32708899999999996 0.410667 0.256031
2.0 0.33605700000000005 0.869297 0.34826 0.184885
1.0 0.681833 0.677297 0.602479 0.476448
2.0 0.892964 0.407969 0.214073 0.158229
0.0 0.20725499999999997 0.49863500000000005 0.382219 0.56
0.0 0.40725999999999996 0.52887 0.213333 0.168927
