0.0 0.737812 0.62887 0.481771 0.74226
4.0 0.5 0.49865099999999996 1.0 0.997302
2.0 0.791146 0.19462999999999997 0.158229 0.215115
2.0 0.275589 0.12094300000000002 0.140448 0.160177
2.0 0.867589 0.5368539999999999 0.211552 0.423104
2.0 0.672911 0.47391700000000003 0.256031 0.410667
2.0 0.130703 0.33605700000000005 0.184885 0.34826
1.0 0.322703 0.681833 0.476448 0.602479
2.0 0.592031 0.892964 0.158229 0.214073
0.0 0.501365 0.20725499999999997 0.56 0.382219
0.0 0.47113 0.40725999999999996 0.168927 0.213333
