2.0 0.32585 0.761825 0.12 0.15505
0.0 0.434 0.268 0.1674 0.1827
2.0 0.715487 0.76825 0.214825 0.181733
8.0 0.5 0.49523300000000003 1.0 0.990467
1.0 0.5377 0.48676699999999995 0.85185 0.869133
0.0 0.362888 0.5001 0.226675 0.277533
0.0 0.469562 0.647258 0.161475 0.145183
0.0 0.631038 0.30652500000000005 0.330375 0.166917
0.0 0.676225 0.479858 0.37335 0.17975
2.0 0.503637 0.10306700000000002 0.250375 0.093833
2.0 0.28585 0.19194999999999995 0.14075 0.121467
2.0 0.20585 0.350467 0.1348 0.189633
2.0 0.15845 0.5682499999999999 0.06075 0.093833
0.0 0.592512 0.598367 0.185175 0.221233
