2.0 0.67415 0.238175 0.12 0.15505
0.0 0.5660000000000001 0.732 0.1674 0.1827
2.0 0.284513 0.23175 0.214825 0.181733
8.0 0.5 0.504767 1.0 0.990467
1.0 0.46230000000000004 0.513233 0.85185 0.869133
0.0 0.637112 0.4999 0.226675 0.277533
0.0 0.530438 0.352742 0.161475 0.145183
0.0 0.368962 0.693475 0.330375 0.166917
0.0 0.32377500000000003 0.520142 0.37335 0.17975
2.0 0.496363 0.896933 0.250375 0.093833
2.0 0.7141500000000001 0.80805 0.14075 0.121467
2.0 0.79415 0.649533 0.1348 0.189633
2.0 0.84155 0.43175 0.06075 0.093833
0.0 0.40748799999999996 0.401633 0.185175 0.221233
