2.0 0.761825 0.67415 0.15505 0.12
0.0 0.268 0.5660000000000001 0.1827 0.1674
2.0 0.76825 0.284513 0.181733 0.214825
8.0 0.49523300000000003 0.5 0.990467 1.0
1.0 0.48676699999999995 0.46230000000000004 0.869133 0.85185
0.0 0.5001 0.637112 0.277533 0.226675
0.0 0.647258 0.530438 0.145183 0.161475
0.0 0.30652500000000005 0.368962 0.166917 0.330375
0.0 0.479858 0.32377500000000003 0.17975 0.37335
2.0 0.10306700000000002 0.496363 0.093833 0.250375
2.0 0.19194999999999995 0.7141500000000001 0.121467 0.14075
2.0 0.350467 0.79415 0.189633 0.1348
2.0 0.5682499999999999 0.84155 0.093833 0.06075
0.0 0.598367 0.40748799999999996 0.221233 0.185175
