2.0 0.964061 0.564917 0.071877 0.18458
0.0 0.612463 0.37121099999999996 0.227825 0.07127
0.0 0.668987 0.493193 0.201729 0.106895
0.0 0.816803 0.27389600000000003 0.215651 0.123359
0.0 0.144638 0.536133 0.213922 0.110566
0.0 0.274201 0.537505 0.146097 0.073096
0.0 0.323773 0.364355 0.286952 0.092285
0.0 0.193327 0.677764 0.182602 0.101426
1.0 0.5371 0.522427 0.925799 0.574736
2.0 0.429851 0.6942090000000001 0.408699 0.159902
2.0 0.335065 0.5955269999999999 0.194777 0.063047
2.0 0.413327 0.255146 0.521747 0.115098
2.0 0.242026 0.325522 0.300855 0.107822
2.0 0.1429 0.441562 0.130446 0.15168
2.0 0.322026 0.47309100000000004 0.165204 0.136143
2.0 0.424638 0.529277 0.130428 0.100508
2.0 0.221162 0.616538 0.172175 0.074014
2.0 0.731599 0.7248140000000001 0.393048 0.113301
2.0 0.6829 0.781465 0.222602 0.058477
2.0 0.90724 0.409585 0.180874 0.149854
3.0 0.497946 0.501865 0.995892 0.740117
