2.0 0.564917 0.035939000000000054 0.18458 0.071877
0.0 0.37121099999999996 0.387537 0.07127 0.227825
0.0 0.493193 0.331013 0.106895 0.201729
0.0 0.27389600000000003 0.18319700000000005 0.123359 0.215651
0.0 0.536133 0.855362 0.110566 0.213922
0.0 0.537505 0.7257990000000001 0.073096 0.146097
0.0 0.364355 0.676227 0.092285 0.286952
0.0 0.677764 0.806673 0.101426 0.182602
1.0 0.522427 0.4629 0.574736 0.925799
2.0 0.6942090000000001 0.570149 0.159902 0.408699
2.0 0.5955269999999999 0.664935 0.063047 0.194777
2.0 0.255146 0.586673 0.115098 0.521747
2.0 0.325522 0.757974 0.107822 0.300855
2.0 0.441562 0.8571 0.15168 0.130446
2.0 0.47309100000000004 0.6779740000000001 0.136143 0.165204
2.0 0.529277 0.5753619999999999 0.100508 0.130428
2.0 0.616538 0.778838 0.074014 0.172175
2.0 0.7248140000000001 0.268401 0.113301 0.393048
2.0 0.781465 0.31710000000000005 0.058477 0.222602
2.0 0.409585 0.09275999999999995 0.149854 0.180874
3.0 0.501865 0.502054 0.740117 0.995892
