2.0 0.035939000000000054 0.435083 0.071877 0.18458
0.0 0.387537 0.628789 0.227825 0.07127
0.0 0.331013 0.506807 0.201729 0.106895
0.0 0.18319700000000005 0.726104 0.215651 0.123359
0.0 0.855362 0.463867 0.213922 0.110566
0.0 0.7257990000000001 0.462495 0.146097 0.073096
0.0 0.676227 0.635645 0.286952 0.092285
0.0 0.806673 0.322236 0.182602 0.101426
1.0 0.4629 0.477573 0.925799 0.574736
2.0 0.570149 0.305791 0.408699 0.159902
2.0 0.664935 0.404473 0.194777 0.063047
2.0 0.586673 0.744854 0.521747 0.115098
2.0 0.757974 0.674478 0.300855 0.107822
2.0 0.8571 0.558438 0.130446 0.15168
2.0 0.6779740000000001 0.526909 0.165204 0.136143
2.0 0.5753619999999999 0.470723 0.130428 0.100508
2.0 0.778838 0.383462 0.172175 0.074014
2.0 0.268401 0.275186 0.393048 0.113301
2.0 0.31710000000000005 0.218535 0.222602 0.058477
2.0 0.09275999999999995 0.590415 0.180874 0.149854
3.0 0.502054 0.498135 0.995892 0.740117
