2.0 0.749502 0.429485 0.040584 0.055073
0.0 0.19141200000000003 0.605206 0.223425 0.198069
0.0 0.29165700000000006 0.791798 0.216189 0.129227
0.0 0.202283 0.256172 0.105064 0.115948
2.0 0.839356 0.373682 0.072464 0.1
0.0 0.633562 0.188901 0.173906 0.14927
0.0 0.719794 0.558468 0.210146 0.153622
2.0 0.5154460000000001 0.190352 0.128987 0.162318
2.0 0.38139100000000004 0.282378 0.257974 0.172464
2.0 0.340082 0.546146 0.143476 0.123193
2.0 0.36979399999999996 0.673682 0.104343 0.152172
2.0 0.490086 0.748322 0.069562 0.095648
2.0 0.468348 0.857017 0.228987 0.092747
2.0 0.11544600000000005 0.401948 0.088403 0.072464
2.0 0.19660500000000003 0.496871 0.085502 0.085502
2.0 0.706751 0.833828 0.059425 0.098558
2.0 0.698781 0.414987 0.066661 0.078266
3.0 0.506635 0.502421 0.98673 0.995159
2.0 0.881386 0.507742 0.046378 0.034781
2.0 0.8502270000000001 0.749773 0.181159 0.211597
2.0 0.806751 0.283103 0.06521 0.104352
1.0 0.484494 0.504742 0.811408 0.831442
0.0 0.43535599999999997 0.443468 0.2657 0.174112
