2.0 0.250498 0.570515 0.040584 0.055073
0.0 0.808588 0.394794 0.223425 0.198069
0.0 0.708343 0.208202 0.216189 0.129227
0.0 0.797717 0.7438279999999999 0.105064 0.115948
2.0 0.160644 0.6263179999999999 0.072464 0.1
0.0 0.366438 0.811099 0.173906 0.14927
0.0 0.280206 0.44153200000000004 0.210146 0.153622
2.0 0.484554 0.809648 0.128987 0.162318
2.0 0.618609 0.717622 0.257974 0.172464
2.0 0.659918 0.453854 0.143476 0.123193
2.0 0.630206 0.326318 0.104343 0.152172
2.0 0.509914 0.25167799999999996 0.069562 0.095648
2.0 0.531652 0.14298299999999997 0.228987 0.092747
2.0 0.884554 0.598052 0.088403 0.072464
2.0 0.803395 0.5031289999999999 0.085502 0.085502
2.0 0.293249 0.166172 0.059425 0.098558
2.0 0.301219 0.585013 0.066661 0.078266
3.0 0.493365 0.497579 0.98673 0.995159
2.0 0.118614 0.492258 0.046378 0.034781
2.0 0.149773 0.250227 0.181159 0.211597
2.0 0.193249 0.716897 0.06521 0.104352
1.0 0.515506 0.495258 0.811408 0.831442
0.0 0.564644 0.556532 0.2657 0.174112
