2.0 0.570515 0.749502 0.055073 0.040584
0.0 0.394794 0.19141200000000003 0.198069 0.223425
0.0 0.208202 0.29165700000000006 0.129227 0.216189
0.0 0.7438279999999999 0.202283 0.115948 0.105064
2.0 0.6263179999999999 0.839356 0.1 0.072464
0.0 0.811099 0.633562 0.14927 0.173906
0.0 0.44153200000000004 0.719794 0.153622 0.210146
2.0 0.809648 0.5154460000000001 0.162318 0.128987
2.0 0.717622 0.38139100000000004 0.172464 0.257974
2.0 0.453854 0.340082 0.123193 0.143476
2.0 0.326318 0.36979399999999996 0.152172 0.104343
2.0 0.25167799999999996 0.490086 0.095648 0.069562
2.0 0.14298299999999997 0.468348 0.092747 0.228987
2.0 0.598052 0.11544600000000005 0.072464 0.088403
2.0 0.5031289999999999 0.19660500000000003 0.085502 0.085502
2.0 0.166172 0.706751 0.098558 0.059425
2.0 0.585013 0.698781 0.078266 0.066661
3.0 0.497579 0.506635 0.995159 0.98673
2.0 0.492258 0.881386 0.034781 0.046378
2.0 0.250227 0.8502270000000001 0.211597 0.181159
2.0 0.716897 0.806751 0.104352 0.06521
1.0 0.495258 0.484494 0.831442 0.811408
0.0 0.556532 0.43535599999999997 0.174112 0.2657
