2.0 0.07733699999999999 0.35966699999999996 0.070779 0.087562
3.0 0.501323 0.49821000000000004 0.995178 0.996421
0.0 0.31579 0.6820269999999999 0.060493 0.043484
0.0 0.36733099999999996 0.26657 0.076793 0.051926
0.0 0.596186 0.399423 0.065155 0.053139
0.0 0.21347700000000003 0.818335 0.068419 0.073912
1.0 0.447056 0.564269 0.847468 0.723187
2.0 0.491455 0.45145100000000005 0.110561 0.254625
2.0 0.47001099999999996 0.26154 0.111501 0.108692
2.0 0.25331000000000004 0.248954 0.178396 0.063401
2.0 0.14278900000000005 0.398918 0.122165 0.087562
2.0 0.152961 0.6475029999999999 0.107617 0.188205
2.0 0.08266899999999999 0.689774 0.060115 0.099643
2.0 0.037588999999999984 0.549376 0.074651 0.064411
2.0 0.18108199999999997 0.29978000000000005 0.225899 0.110713
2.0 0.5975090000000001 0.305315 0.116346 0.176124
2.0 0.510241 0.19511299999999998 0.172577 0.074483
2.0 0.365298 0.530761 0.136712 0.176124
2.0 0.406019 0.35463100000000003 0.082417 0.164055
2.0 0.34543500000000005 0.380803 0.065899 0.117753
2.0 0.322148 0.616302 0.159003 0.081522
2.0 0.326512 0.73456 0.19488 0.177134
2.0 0.473013 0.612985 0.096953 0.086564
2.0 0.5635680000000001 0.576552 0.069817 0.068442
2.0 0.664891 0.557426 0.084353 0.126813
2.0 0.904387 0.505618 0.123184 0.180202
2.0 0.795779 0.546361 0.128946 0.094602
2.0 0.867526 0.6480079999999999 0.123139 0.116754
2.0 0.7443930000000001 0.756207 0.161913 0.153983
2.0 0.5514490000000001 0.797467 0.070779 0.212366
2.0 0.48697599999999996 0.740606 0.073677 0.078502
2.0 0.49473100000000003 0.842753 0.054296 0.083532
2.0 0.38614499999999996 0.852824 0.073688 0.079512
2.0 0.28530900000000003 0.852319 0.032955 0.080523
2.0 0.679427 0.871445 0.041695 0.036231
2.0 0.757577 0.264756 0.082417 0.173103
2.0 0.7439 0.42307399999999995 0.095017 0.107693
0.0 0.655286 0.23456600000000005 0.126816 0.118359
0.0 0.39898100000000003 0.16149199999999997 0.059336 0.115945
0.0 0.613637 0.629489 0.102394 0.105065
