2.0 0.640333 0.07733699999999999 0.087562 0.070779
3.0 0.50179 0.501323 0.996421 0.995178
0.0 0.317973 0.31579 0.043484 0.060493
0.0 0.73343 0.36733099999999996 0.051926 0.076793
0.0 0.600577 0.596186 0.053139 0.065155
0.0 0.181665 0.21347700000000003 0.073912 0.068419
1.0 0.435731 0.447056 0.723187 0.847468
2.0 0.548549 0.491455 0.254625 0.110561
2.0 0.73846 0.47001099999999996 0.108692 0.111501
2.0 0.751046 0.25331000000000004 0.063401 0.178396
2.0 0.601082 0.14278900000000005 0.087562 0.122165
2.0 0.352497 0.152961 0.188205 0.107617
2.0 0.310226 0.08266899999999999 0.099643 0.060115
2.0 0.450624 0.037588999999999984 0.064411 0.074651
2.0 0.70022 0.18108199999999997 0.110713 0.225899
2.0 0.694685 0.5975090000000001 0.176124 0.116346
2.0 0.804887 0.510241 0.074483 0.172577
2.0 0.469239 0.365298 0.176124 0.136712
2.0 0.645369 0.406019 0.164055 0.082417
2.0 0.619197 0.34543500000000005 0.117753 0.065899
2.0 0.383698 0.322148 0.081522 0.159003
2.0 0.26544 0.326512 0.177134 0.19488
2.0 0.387015 0.473013 0.086564 0.096953
2.0 0.423448 0.5635680000000001 0.068442 0.069817
2.0 0.442574 0.664891 0.126813 0.084353
2.0 0.494382 0.904387 0.180202 0.123184
2.0 0.453639 0.795779 0.094602 0.128946
2.0 0.351992 0.867526 0.116754 0.123139
2.0 0.243793 0.7443930000000001 0.153983 0.161913
2.0 0.202533 0.5514490000000001 0.212366 0.070779
2.0 0.259394 0.48697599999999996 0.078502 0.073677
2.0 0.157247 0.49473100000000003 0.083532 0.054296
2.0 0.147176 0.38614499999999996 0.079512 0.073688
2.0 0.147681 0.28530900000000003 0.080523 0.032955
2.0 0.128555 0.679427 0.036231 0.041695
2.0 0.735244 0.757577 0.173103 0.082417
2.0 0.576926 0.7439 0.107693 0.095017
0.0 0.765434 0.655286 0.118359 0.126816
0.0 0.838508 0.39898100000000003 0.115945 0.059336
0.0 0.370511 0.613637 0.105065 0.102394
