2.0 0.35966699999999996 0.922663 0.087562 0.070779
3.0 0.49821000000000004 0.498677 0.996421 0.995178
0.0 0.6820269999999999 0.68421 0.043484 0.060493
0.0 0.26657 0.632669 0.051926 0.076793
0.0 0.399423 0.403814 0.053139 0.065155
0.0 0.818335 0.786523 0.073912 0.068419
1.0 0.564269 0.552944 0.723187 0.847468
2.0 0.45145100000000005 0.508545 0.254625 0.110561
2.0 0.26154 0.529989 0.108692 0.111501
2.0 0.248954 0.74669 0.063401 0.178396
2.0 0.398918 0.857211 0.087562 0.122165
2.0 0.6475029999999999 0.847039 0.188205 0.107617
2.0 0.689774 0.917331 0.099643 0.060115
2.0 0.549376 0.962411 0.064411 0.074651
2.0 0.29978000000000005 0.818918 0.110713 0.225899
2.0 0.305315 0.402491 0.176124 0.116346
2.0 0.19511299999999998 0.489759 0.074483 0.172577
2.0 0.530761 0.634702 0.176124 0.136712
2.0 0.35463100000000003 0.593981 0.164055 0.082417
2.0 0.380803 0.654565 0.117753 0.065899
2.0 0.616302 0.677852 0.081522 0.159003
2.0 0.73456 0.673488 0.177134 0.19488
2.0 0.612985 0.526987 0.086564 0.096953
2.0 0.576552 0.436432 0.068442 0.069817
2.0 0.557426 0.335109 0.126813 0.084353
2.0 0.505618 0.095613 0.180202 0.123184
2.0 0.546361 0.204221 0.094602 0.128946
2.0 0.6480079999999999 0.132474 0.116754 0.123139
2.0 0.756207 0.255607 0.153983 0.161913
2.0 0.797467 0.448551 0.212366 0.070779
2.0 0.740606 0.513024 0.078502 0.073677
2.0 0.842753 0.505269 0.083532 0.054296
2.0 0.852824 0.613855 0.079512 0.073688
2.0 0.852319 0.714691 0.080523 0.032955
2.0 0.871445 0.320573 0.036231 0.041695
2.0 0.264756 0.242423 0.173103 0.082417
2.0 0.42307399999999995 0.2561 0.107693 0.095017
0.0 0.23456600000000005 0.344714 0.118359 0.126816
0.0 0.16149199999999997 0.601019 0.115945 0.059336
0.0 0.629489 0.386363 0.105065 0.102394
