2.0 0.159277 0.800602 0.117393 0.097389
3.0 0.5002420000000001 0.501117 0.997446 0.997767
0.0 0.313574 0.509124 0.176074 0.391309
0.0 0.560364 0.693643 0.194351 0.558262
0.0 0.540146 0.271035 0.133047 0.168698
0.0 0.35558100000000004 0.737122 0.045654 0.064349
2.0 0.80167 0.332777 0.251738 0.288691
2.0 0.800364 0.6649510000000001 0.134351 0.118262
2.0 0.807539 0.876253 0.065215 0.088691
2.0 0.402539 0.8658170000000001 0.056084 0.102611
2.0 0.39144999999999996 0.04495099999999996 0.237393 0.078262
2.0 0.583191 0.41364599999999996 0.067827 0.113047
1.0 0.501152 0.498405 0.972939 0.961667
