2.0 0.800602 0.840723 0.097389 0.117393
3.0 0.501117 0.499758 0.997767 0.997446
0.0 0.509124 0.686426 0.391309 0.176074
0.0 0.693643 0.439636 0.558262 0.194351
0.0 0.271035 0.459854 0.168698 0.133047
0.0 0.737122 0.644419 0.064349 0.045654
2.0 0.332777 0.19833 0.288691 0.251738
2.0 0.6649510000000001 0.199636 0.118262 0.134351
2.0 0.876253 0.192461 0.088691 0.065215
2.0 0.8658170000000001 0.597461 0.102611 0.056084
2.0 0.04495099999999996 0.60855 0.078262 0.237393
2.0 0.41364599999999996 0.416809 0.113047 0.067827
1.0 0.498405 0.498848 0.961667 0.972939
