2.0 0.199398 0.159277 0.097389 0.117393
3.0 0.498883 0.5002420000000001 0.997767 0.997446
0.0 0.490876 0.313574 0.391309 0.176074
0.0 0.306357 0.560364 0.558262 0.194351
0.0 0.728965 0.540146 0.168698 0.133047
0.0 0.262878 0.35558100000000004 0.064349 0.045654
2.0 0.667223 0.80167 0.288691 0.251738
2.0 0.335049 0.800364 0.118262 0.134351
2.0 0.123747 0.807539 0.088691 0.065215
2.0 0.134183 0.402539 0.102611 0.056084
2.0 0.955049 0.39144999999999996 0.078262 0.237393
2.0 0.586354 0.583191 0.113047 0.067827
1.0 0.501595 0.501152 0.961667 0.972939
