0.0 0.315284 0.34523 0.468114 0.386779
4.0 0.49918799999999997 0.504581 0.995596 0.990839
0.0 0.574702 0.469631 0.123195 0.181441
0.0 0.629052 0.680947 0.318845 0.176008
0.0 0.375429 0.734185 0.318836 0.395474
1.0 0.735573 0.492991 0.436236 0.501949
2.0 0.687748 0.175196 0.392753 0.224899
2.0 0.48050099999999996 0.450074 0.137681 0.203166
2.0 0.581949 0.570129 0.114495 0.063018
2.0 0.45875900000000003 0.611417 0.047825 0.039114
2.0 0.14787899999999998 0.614131 0.182581 0.183606
2.0 0.31310899999999997 0.617392 0.115948 0.057585
2.0 0.713831 0.867277 0.117392 0.081482
2.0 0.649337 0.796113 0.086958 0.121685
2.0 0.771079 0.765149 0.084052 0.044547
2.0 0.272532 0.187148 0.057969 0.046719
2.0 0.165284 0.288735 0.101453 0.160798
2.0 0.23122299999999996 0.407158 0.091309 0.089093
2.0 0.593542 0.739073 0.076814 0.053234
