0.0 0.6547700000000001 0.315284 0.386779 0.468114
4.0 0.49541900000000005 0.49918799999999997 0.990839 0.995596
0.0 0.530369 0.574702 0.181441 0.123195
0.0 0.31905300000000003 0.629052 0.176008 0.318845
0.0 0.265815 0.375429 0.395474 0.318836
1.0 0.507009 0.735573 0.501949 0.436236
2.0 0.824804 0.687748 0.224899 0.392753
2.0 0.549926 0.48050099999999996 0.203166 0.137681
2.0 0.429871 0.581949 0.063018 0.114495
2.0 0.388583 0.45875900000000003 0.039114 0.047825
2.0 0.385869 0.14787899999999998 0.183606 0.182581
2.0 0.38260799999999995 0.31310899999999997 0.057585 0.115948
2.0 0.13272300000000004 0.713831 0.081482 0.117392
2.0 0.20388700000000004 0.649337 0.121685 0.086958
2.0 0.23485100000000003 0.771079 0.044547 0.084052
2.0 0.812852 0.272532 0.046719 0.057969
2.0 0.711265 0.165284 0.160798 0.101453
2.0 0.592842 0.23122299999999996 0.089093 0.091309
2.0 0.260927 0.593542 0.053234 0.076814
