0.0 0.684716 0.6547700000000001 0.468114 0.386779
4.0 0.500812 0.49541900000000005 0.995596 0.990839
0.0 0.425298 0.530369 0.123195 0.181441
0.0 0.370948 0.31905300000000003 0.318845 0.176008
0.0 0.624571 0.265815 0.318836 0.395474
1.0 0.264427 0.507009 0.436236 0.501949
2.0 0.312252 0.824804 0.392753 0.224899
2.0 0.519499 0.549926 0.137681 0.203166
2.0 0.418051 0.429871 0.114495 0.063018
2.0 0.541241 0.388583 0.047825 0.039114
2.0 0.852121 0.385869 0.182581 0.183606
2.0 0.686891 0.38260799999999995 0.115948 0.057585
2.0 0.286169 0.13272300000000004 0.117392 0.081482
2.0 0.350663 0.20388700000000004 0.086958 0.121685
2.0 0.228921 0.23485100000000003 0.084052 0.044547
2.0 0.727468 0.812852 0.057969 0.046719
2.0 0.834716 0.711265 0.101453 0.160798
2.0 0.768777 0.592842 0.091309 0.089093
2.0 0.406458 0.260927 0.076814 0.053234
