0.0 0.859667 0.485992 0.208933 0.105083
0.0 0.938167 0.403867 0.102667 0.194433
0.0 0.638042 0.21425 0.142517 0.143733
0.0 0.503383 0.303025 0.228267 0.205317
0.0 0.561958 0.46365 0.144917 0.166667
0.0 0.35 0.321133 0.1244 0.1087
0.0 0.461717 0.554225 0.1256 0.19565
0.0 0.369933 0.450367 0.130433 0.176333
0.0 0.613892 0.617633 0.268117 0.114733
0.0 0.573433 0.7843 0.2331 0.0954
0.0 0.317392 0.665342 0.155783 0.154583
0.0 0.240092 0.740217 0.17995 0.190833
0.0 0.173667 0.548792 0.177533 0.192017
0.0 0.267258 0.428017 0.152183 0.1896
2.0 0.452658 0.193117 0.08575 0.067633
2.0 0.244325 0.289742 0.077283 0.10145
2.0 0.438167 0.7692 0.105067 0.2488
2.0 0.596983 0.726925 0.275367 0.13285
2.0 0.699633 0.881517 0.0942 0.0773
2.0 0.510025 0.867633 0.074883 0.100233
2.0 0.718358 0.559658 0.153383 0.112317
2.0 0.984058 0.477542 0.030183 0.076083
2.0 0.117517 0.389975 0.089367 0.091783
2.0 0.060742 0.595292 0.065217 0.028983
2.0 0.362075 0.547583 0.059183 0.039867
3.0 0.499675 0.511258 0.987483 0.974183
1.0 0.522525 0.5349 0.95495 0.724633
0.0 0.67585 0.413767 0.2029 0.2174
