0.0 0.14033300000000004 0.514008 0.208933 0.105083
0.0 0.06183300000000003 0.596133 0.102667 0.194433
0.0 0.361958 0.78575 0.142517 0.143733
0.0 0.496617 0.696975 0.228267 0.205317
0.0 0.43804200000000004 0.53635 0.144917 0.166667
0.0 0.65 0.678867 0.1244 0.1087
0.0 0.5382830000000001 0.44577500000000003 0.1256 0.19565
0.0 0.6300669999999999 0.549633 0.130433 0.176333
0.0 0.386108 0.382367 0.268117 0.114733
0.0 0.42656700000000003 0.2157 0.2331 0.0954
0.0 0.682608 0.334658 0.155783 0.154583
0.0 0.759908 0.259783 0.17995 0.190833
0.0 0.826333 0.45120800000000005 0.177533 0.192017
0.0 0.732742 0.571983 0.152183 0.1896
2.0 0.547342 0.806883 0.08575 0.067633
2.0 0.755675 0.7102580000000001 0.077283 0.10145
2.0 0.561833 0.2308 0.105067 0.2488
2.0 0.40301699999999996 0.27307499999999996 0.275367 0.13285
2.0 0.30036700000000005 0.118483 0.0942 0.0773
2.0 0.48997500000000005 0.132367 0.074883 0.100233
2.0 0.28164199999999995 0.440342 0.153383 0.112317
2.0 0.01594200000000001 0.522458 0.030183 0.076083
2.0 0.882483 0.610025 0.089367 0.091783
2.0 0.939258 0.40470799999999996 0.065217 0.028983
2.0 0.6379250000000001 0.45241699999999996 0.059183 0.039867
3.0 0.500325 0.488742 0.987483 0.974183
1.0 0.477475 0.46509999999999996 0.95495 0.724633
0.0 0.32415000000000005 0.586233 0.2029 0.2174
