0.0 0.514008 0.859667 0.105083 0.208933
0.0 0.596133 0.938167 0.194433 0.102667
0.0 0.78575 0.638042 0.143733 0.142517
0.0 0.696975 0.503383 0.205317 0.228267
0.0 0.53635 0.561958 0.166667 0.144917
0.0 0.678867 0.35 0.1087 0.1244
0.0 0.44577500000000003 0.461717 0.19565 0.1256
0.0 0.549633 0.369933 0.176333 0.130433
0.0 0.382367 0.613892 0.114733 0.268117
0.0 0.2157 0.573433 0.0954 0.2331
0.0 0.334658 0.317392 0.154583 0.155783
0.0 0.259783 0.240092 0.190833 0.17995
0.0 0.45120800000000005 0.173667 0.192017 0.177533
0.0 0.571983 0.267258 0.1896 0.152183
2.0 0.806883 0.452658 0.067633 0.08575
2.0 0.7102580000000001 0.244325 0.10145 0.077283
2.0 0.2308 0.438167 0.2488 0.105067
2.0 0.27307499999999996 0.596983 0.13285 0.275367
2.0 0.118483 0.699633 0.0773 0.0942
2.0 0.132367 0.510025 0.100233 0.074883
2.0 0.440342 0.718358 0.112317 0.153383
2.0 0.522458 0.984058 0.076083 0.030183
2.0 0.610025 0.117517 0.091783 0.089367
2.0 0.40470799999999996 0.060742 0.028983 0.065217
2.0 0.45241699999999996 0.362075 0.039867 0.059183
3.0 0.488742 0.499675 0.974183 0.987483
1.0 0.46509999999999996 0.522525 0.724633 0.95495
0.0 0.586233 0.67585 0.2174 0.2029
