0.0 0.485992 0.14033300000000004 0.105083 0.208933
0.0 0.403867 0.06183300000000003 0.194433 0.102667
0.0 0.21425 0.361958 0.143733 0.142517
0.0 0.303025 0.496617 0.205317 0.228267
0.0 0.46365 0.43804200000000004 0.166667 0.144917
0.0 0.321133 0.65 0.1087 0.1244
0.0 0.554225 0.5382830000000001 0.19565 0.1256
0.0 0.450367 0.6300669999999999 0.176333 0.130433
0.0 0.617633 0.386108 0.114733 0.268117
0.0 0.7843 0.42656700000000003 0.0954 0.2331
0.0 0.665342 0.682608 0.154583 0.155783
0.0 0.740217 0.759908 0.190833 0.17995
0.0 0.548792 0.826333 0.192017 0.177533
0.0 0.428017 0.732742 0.1896 0.152183
2.0 0.193117 0.547342 0.067633 0.08575
2.0 0.289742 0.755675 0.10145 0.077283
2.0 0.7692 0.561833 0.2488 0.105067
2.0 0.726925 0.40301699999999996 0.13285 0.275367
2.0 0.881517 0.30036700000000005 0.0773 0.0942
2.0 0.867633 0.48997500000000005 0.100233 0.074883
2.0 0.559658 0.28164199999999995 0.112317 0.153383
2.0 0.477542 0.01594200000000001 0.076083 0.030183
2.0 0.389975 0.882483 0.091783 0.089367
2.0 0.595292 0.939258 0.028983 0.065217
2.0 0.547583 0.6379250000000001 0.039867 0.059183
3.0 0.511258 0.500325 0.974183 0.987483
1.0 0.5349 0.477475 0.724633 0.95495
0.0 0.413767 0.32415000000000005 0.2174 0.2029
