2.0 0.349761 0.508034 0.066651 0.101438
11.0 0.511011 0.419006 0.755571 0.726258
2.0 0.36722200000000005 0.37541199999999997 0.126944 0.184059
2.0 0.29581 0.442082 0.04338 0.097104
2.0 0.536474 0.299334 0.171373 0.081163
2.0 0.453434 0.35440799999999995 0.062423 0.055074
2.0 0.629043 0.18339300000000003 0.100494 0.07537
2.0 0.570856 0.20585600000000004 0.056065 0.05074
2.0 0.292639 0.559482 0.077222 0.0826
2.0 0.474591 0.20730400000000004 0.04125 0.039133
1.0 0.706798 0.42252599999999996 0.148102 0.214482
0.0 0.519552 0.256575 0.410463 0.236237
0.0 0.32965999999999995 0.46020099999999997 0.210525 0.408689
0.0 0.44550199999999995 0.387019 0.086744 0.056533
