2.0 0.491966 0.349761 0.101438 0.066651
11.0 0.580994 0.511011 0.726258 0.755571
2.0 0.624588 0.36722200000000005 0.184059 0.126944
2.0 0.557918 0.29581 0.097104 0.04338
2.0 0.700666 0.536474 0.081163 0.171373
2.0 0.645592 0.453434 0.055074 0.062423
2.0 0.816607 0.629043 0.07537 0.100494
2.0 0.794144 0.570856 0.05074 0.056065
2.0 0.440518 0.292639 0.0826 0.077222
2.0 0.792696 0.474591 0.039133 0.04125
1.0 0.577474 0.706798 0.214482 0.148102
0.0 0.743425 0.519552 0.236237 0.410463
0.0 0.539799 0.32965999999999995 0.408689 0.210525
0.0 0.612981 0.44550199999999995 0.056533 0.086744
