2.0 0.508034 0.650239 0.101438 0.066651
11.0 0.419006 0.488989 0.726258 0.755571
2.0 0.37541199999999997 0.632778 0.184059 0.126944
2.0 0.442082 0.70419 0.097104 0.04338
2.0 0.299334 0.463526 0.081163 0.171373
2.0 0.35440799999999995 0.546566 0.055074 0.062423
2.0 0.18339300000000003 0.370957 0.07537 0.100494
2.0 0.20585600000000004 0.429144 0.05074 0.056065
2.0 0.559482 0.707361 0.0826 0.077222
2.0 0.20730400000000004 0.525409 0.039133 0.04125
1.0 0.42252599999999996 0.293202 0.214482 0.148102
0.0 0.256575 0.480448 0.236237 0.410463
0.0 0.46020099999999997 0.67034 0.408689 0.210525
0.0 0.387019 0.554498 0.056533 0.086744
