2.0 0.654333 0.09496899999999997 0.397042 0.170375
2.0 0.855823 0.42904699999999996 0.108646 0.124438
1.0 0.5061880000000001 0.31082 0.902708 0.621641
8.0 0.5 0.347117 1.0 0.694234
2.0 0.90125 0.196453 0.069125 0.091844
2.0 0.08845800000000004 0.22386700000000004 0.06725 0.096297
2.0 0.10716700000000001 0.310531 0.092833 0.065188
2.0 0.68001 0.5075620000000001 0.163937 0.13925
2.0 0.545687 0.30608599999999997 0.428625 0.328891
2.0 0.242479 0.24015600000000004 0.130375 0.182219
2.0 0.334333 0.491266 0.235042 0.127406
