0.0 0.688753 0.264502 0.622494 0.210997
0.0 0.547062 0.40549 0.121728 0.118922
11.0 0.597506 0.48589899999999997 0.804988 0.71402
2.0 0.785852 0.316291 0.428296 0.187974
2.0 0.924605 0.30621699999999996 0.128963 0.037402
2.0 0.508667 0.267386 0.128988 0.044118
2.0 0.498506 0.36904400000000004 0.152173 0.095899
2.0 0.390543 0.372884 0.095654 0.046029
2.0 0.399963 0.5034069999999999 0.123185 0.155376
2.0 0.252136 0.466487 0.047827 0.068105
1.0 0.742716 0.557018 0.513037 0.381716
0.0 0.373889 0.47406000000000004 0.285506 0.390343
