0.0 0.264502 0.31124700000000005 0.210997 0.622494
0.0 0.40549 0.45293799999999995 0.118922 0.121728
11.0 0.48589899999999997 0.402494 0.71402 0.804988
2.0 0.316291 0.214148 0.187974 0.428296
2.0 0.30621699999999996 0.07539499999999999 0.037402 0.128963
2.0 0.267386 0.491333 0.044118 0.128988
2.0 0.36904400000000004 0.501494 0.095899 0.152173
2.0 0.372884 0.609457 0.046029 0.095654
2.0 0.5034069999999999 0.6000369999999999 0.155376 0.123185
2.0 0.466487 0.747864 0.068105 0.047827
1.0 0.557018 0.25728399999999996 0.381716 0.513037
0.0 0.47406000000000004 0.626111 0.390343 0.285506
