0.0 0.31124700000000005 0.735498 0.622494 0.210997
0.0 0.45293799999999995 0.59451 0.121728 0.118922
11.0 0.402494 0.514101 0.804988 0.71402
2.0 0.214148 0.683709 0.428296 0.187974
2.0 0.07539499999999999 0.693783 0.128963 0.037402
2.0 0.491333 0.732614 0.128988 0.044118
2.0 0.501494 0.630956 0.152173 0.095899
2.0 0.609457 0.627116 0.095654 0.046029
2.0 0.6000369999999999 0.496593 0.123185 0.155376
2.0 0.747864 0.533513 0.047827 0.068105
1.0 0.25728399999999996 0.442982 0.513037 0.381716
0.0 0.626111 0.52594 0.285506 0.390343
