2.0 0.479717 0.780871 0.06956 0.042188
11.0 0.5 0.5 1.0 1.0
2.0 0.209434 0.69394 0.140566 0.111094
2.0 0.601462 0.8426 0.11305 0.155335
2.0 0.644214 0.718125 0.097107 0.093616
2.0 0.818852 0.6836610000000001 0.191289 0.121384
2.0 0.873208 0.823047 0.227547 0.147121
2.0 0.799292 0.958326 0.062296 0.057589
2.0 0.441321 0.8971210000000001 0.140566 0.087455
2.0 0.394937 0.831283 0.06522 0.056585
2.0 0.334811 0.75 0.03478 0.070982
2.0 0.265959 0.8261270000000001 0.056509 0.060692
1.0 0.560881 0.593125 0.43478 0.150179
1.0 0.731903 0.33646200000000004 0.292736 0.431049
1.0 0.502909 0.13688599999999995 0.249277 0.081272
0.0 0.527563 0.742812 0.846384 0.451607
