2.0 0.780871 0.520283 0.042188 0.06956
11.0 0.5 0.5 1.0 1.0
2.0 0.69394 0.790566 0.111094 0.140566
2.0 0.8426 0.39853799999999995 0.155335 0.11305
2.0 0.718125 0.35578600000000005 0.093616 0.097107
2.0 0.6836610000000001 0.18114799999999998 0.121384 0.191289
2.0 0.823047 0.12679200000000002 0.147121 0.227547
2.0 0.958326 0.200708 0.057589 0.062296
2.0 0.8971210000000001 0.5586789999999999 0.087455 0.140566
2.0 0.831283 0.605063 0.056585 0.06522
2.0 0.75 0.665189 0.070982 0.03478
2.0 0.8261270000000001 0.7340409999999999 0.060692 0.056509
1.0 0.593125 0.43911900000000004 0.150179 0.43478
1.0 0.33646200000000004 0.26809700000000003 0.431049 0.292736
1.0 0.13688599999999995 0.49709099999999995 0.081272 0.249277
0.0 0.742812 0.472437 0.451607 0.846384
