2.0 0.520283 0.219129 0.06956 0.042188
11.0 0.5 0.5 1.0 1.0
2.0 0.790566 0.30606 0.140566 0.111094
2.0 0.39853799999999995 0.1574 0.11305 0.155335
2.0 0.35578600000000005 0.281875 0.097107 0.093616
2.0 0.18114799999999998 0.316339 0.191289 0.121384
2.0 0.12679200000000002 0.176953 0.227547 0.147121
2.0 0.200708 0.041674 0.062296 0.057589
2.0 0.5586789999999999 0.102879 0.140566 0.087455
2.0 0.605063 0.168717 0.06522 0.056585
2.0 0.665189 0.25 0.03478 0.070982
2.0 0.7340409999999999 0.173873 0.056509 0.060692
1.0 0.43911900000000004 0.406875 0.43478 0.150179
1.0 0.26809700000000003 0.663538 0.292736 0.431049
1.0 0.49709099999999995 0.863114 0.249277 0.081272
0.0 0.472437 0.257188 0.846384 0.451607
