1.0 0.634733 0.07093700000000003 0.110133 0.121725
2.0 0.455075 0.752825 0.374783 0.329
2.0 0.851158 0.40354999999999996 0.156517 0.4507
2.0 0.26565799999999995 0.476888 0.02705 0.043475
2.0 0.505267 0.604412 0.0657 0.063775
2.0 0.49270800000000003 0.38123799999999997 0.028983 0.046375
2.0 0.18932499999999997 0.33341299999999996 0.030917 0.049275
2.0 0.20284999999999997 0.5406500000000001 0.029 0.0435
2.0 0.612025 0.26963800000000004 0.02415 0.043475
2.0 0.197542 0.617463 0.02415 0.028975
2.0 0.13231700000000002 0.466013 0.0174 0.050725
2.0 0.35260800000000003 0.534862 0.025117 0.034775
2.0 0.3357 0.397887 0.028033 0.056525
1.0 0.758892 0.15354999999999996 0.213517 0.26955
1.0 0.46855 0.170937 0.278267 0.330425
12.0 0.5 0.472962 1.0 0.945925
1.0 0.298017 0.04920000000000002 0.118833 0.07825
