1.0 0.929063 0.634733 0.121725 0.110133
2.0 0.247175 0.455075 0.329 0.374783
2.0 0.59645 0.851158 0.4507 0.156517
2.0 0.523112 0.26565799999999995 0.043475 0.02705
2.0 0.395588 0.505267 0.063775 0.0657
2.0 0.618762 0.49270800000000003 0.046375 0.028983
2.0 0.666587 0.18932499999999997 0.049275 0.030917
2.0 0.45935 0.20284999999999997 0.0435 0.029
2.0 0.730362 0.612025 0.043475 0.02415
2.0 0.382537 0.197542 0.028975 0.02415
2.0 0.533987 0.13231700000000002 0.050725 0.0174
2.0 0.465138 0.35260800000000003 0.034775 0.025117
2.0 0.602113 0.3357 0.056525 0.028033
1.0 0.84645 0.758892 0.26955 0.213517
1.0 0.829063 0.46855 0.330425 0.278267
12.0 0.527038 0.5 0.945925 1.0
1.0 0.9508 0.298017 0.07825 0.118833
