1.0 0.07093700000000003 0.365267 0.121725 0.110133
2.0 0.752825 0.544925 0.329 0.374783
2.0 0.40354999999999996 0.148842 0.4507 0.156517
2.0 0.476888 0.734342 0.043475 0.02705
2.0 0.604412 0.494733 0.063775 0.0657
2.0 0.38123799999999997 0.507292 0.046375 0.028983
2.0 0.33341299999999996 0.810675 0.049275 0.030917
2.0 0.5406500000000001 0.79715 0.0435 0.029
2.0 0.26963800000000004 0.387975 0.043475 0.02415
2.0 0.617463 0.802458 0.028975 0.02415
2.0 0.466013 0.867683 0.050725 0.0174
2.0 0.534862 0.647392 0.034775 0.025117
2.0 0.397887 0.6643 0.056525 0.028033
1.0 0.15354999999999996 0.241108 0.26955 0.213517
1.0 0.170937 0.53145 0.330425 0.278267
12.0 0.472962 0.5 0.945925 1.0
1.0 0.04920000000000002 0.701983 0.07825 0.118833
