2.0 0.33334299999999994 0.498977 0.188391 0.118971
2.0 0.23841100000000004 0.470488 0.062326 0.095976
2.0 0.5101450000000001 0.783409 0.127539 0.083984
2.0 0.445659 0.179559 0.126085 0.091979
2.0 0.565203 0.408496 0.173857 0.177955
2.0 0.27971900000000005 0.741424 0.063779 0.053997
2.0 0.267393 0.646945 0.13188 0.120976
2.0 0.38768400000000003 0.658443 0.06812 0.107981
0.0 0.49204499999999995 0.301524 0.186957 0.221952
0.0 0.35435099999999997 0.328516 0.149283 0.241952
0.0 0.22900200000000004 0.372513 0.153624 0.165963
0.0 0.394215 0.392005 0.194205 0.106979
0.0 0.498556 0.518476 0.165213 0.183957
0.0 0.319574 0.593957 0.268101 0.230936
0.0 0.397829 0.743924 0.192752 0.110976
1.0 0.639138 0.604953 0.356531 0.306939
2.0 0.750048 0.378008 0.49719 0.240936
2.0 0.673924 0.23504 0.330446 0.266925
4.0 0.49782000000000004 0.501337 0.99564 0.997326
