2.0 0.666657 0.501023 0.188391 0.118971
2.0 0.761589 0.529512 0.062326 0.095976
2.0 0.489855 0.21659099999999998 0.127539 0.083984
2.0 0.554341 0.820441 0.126085 0.091979
2.0 0.434797 0.591504 0.173857 0.177955
2.0 0.720281 0.25857600000000003 0.063779 0.053997
2.0 0.732607 0.353055 0.13188 0.120976
2.0 0.612316 0.341557 0.06812 0.107981
0.0 0.507955 0.698476 0.186957 0.221952
0.0 0.645649 0.671484 0.149283 0.241952
0.0 0.770998 0.627487 0.153624 0.165963
0.0 0.605785 0.6079950000000001 0.194205 0.106979
0.0 0.501444 0.48152399999999995 0.165213 0.183957
0.0 0.680426 0.40604300000000004 0.268101 0.230936
0.0 0.602171 0.25607599999999997 0.192752 0.110976
1.0 0.360862 0.39504700000000004 0.356531 0.306939
2.0 0.249952 0.621992 0.49719 0.240936
2.0 0.326076 0.76496 0.330446 0.266925
4.0 0.50218 0.49866299999999997 0.99564 0.997326
