2.0 0.501023 0.33334299999999994 0.118971 0.188391
2.0 0.529512 0.23841100000000004 0.095976 0.062326
2.0 0.21659099999999998 0.5101450000000001 0.083984 0.127539
2.0 0.820441 0.445659 0.091979 0.126085
2.0 0.591504 0.565203 0.177955 0.173857
2.0 0.25857600000000003 0.27971900000000005 0.053997 0.063779
2.0 0.353055 0.267393 0.120976 0.13188
2.0 0.341557 0.38768400000000003 0.107981 0.06812
0.0 0.698476 0.49204499999999995 0.221952 0.186957
0.0 0.671484 0.35435099999999997 0.241952 0.149283
0.0 0.627487 0.22900200000000004 0.165963 0.153624
0.0 0.6079950000000001 0.394215 0.106979 0.194205
0.0 0.48152399999999995 0.498556 0.183957 0.165213
0.0 0.40604300000000004 0.319574 0.230936 0.268101
0.0 0.25607599999999997 0.397829 0.110976 0.192752
1.0 0.39504700000000004 0.639138 0.306939 0.356531
2.0 0.621992 0.750048 0.240936 0.49719
2.0 0.76496 0.673924 0.266925 0.330446
4.0 0.49866299999999997 0.49782000000000004 0.997326 0.99564
