2.0 0.815785 0.496313 0.231137 0.498554
1.0 0.533782 0.6122529999999999 0.350785 0.41159
0.0 0.5480240000000001 0.21515700000000004 0.405304 0.408675
0.0 0.371008 0.30283099999999996 0.241719 0.389855
0.0 0.29816600000000004 0.458627 0.164398 0.339133
11.0 0.5331870000000001 0.467205 0.814547 0.93441
2.0 0.576103 0.741241 0.277537 0.284072
2.0 0.590345 0.309361 0.177415 0.089855
2.0 0.539479 0.06588000000000005 0.043126 0.072482
2.0 0.567963 0.188349 0.049648 0.06812
2.0 0.435291 0.471723 0.031719 0.037759
2.0 0.334384 0.441253 0.031746 0.040578
2.0 0.28229400000000004 0.22456600000000004 0.025237 0.06812
2.0 0.355954 0.21080699999999997 0.045575 0.037663
2.0 0.36205699999999996 0.099217 0.030122 0.052169
2.0 0.46175200000000005 0.37022900000000003 0.024425 0.046386
2.0 0.418214 0.283277 0.030122 0.055084
