2.0 0.503687 0.815785 0.498554 0.231137
1.0 0.387747 0.533782 0.41159 0.350785
0.0 0.784843 0.5480240000000001 0.408675 0.405304
0.0 0.697169 0.371008 0.389855 0.241719
0.0 0.541373 0.29816600000000004 0.339133 0.164398
11.0 0.532795 0.5331870000000001 0.93441 0.814547
2.0 0.258759 0.576103 0.284072 0.277537
2.0 0.690639 0.590345 0.089855 0.177415
2.0 0.93412 0.539479 0.072482 0.043126
2.0 0.811651 0.567963 0.06812 0.049648
2.0 0.528277 0.435291 0.037759 0.031719
2.0 0.558747 0.334384 0.040578 0.031746
2.0 0.775434 0.28229400000000004 0.06812 0.025237
2.0 0.789193 0.355954 0.037663 0.045575
2.0 0.900783 0.36205699999999996 0.052169 0.030122
2.0 0.629771 0.46175200000000005 0.046386 0.024425
2.0 0.716723 0.418214 0.055084 0.030122
