2.0 0.496313 0.184215 0.498554 0.231137
1.0 0.6122529999999999 0.466218 0.41159 0.350785
0.0 0.21515700000000004 0.451976 0.408675 0.405304
0.0 0.30283099999999996 0.628992 0.389855 0.241719
0.0 0.458627 0.701834 0.339133 0.164398
11.0 0.467205 0.466813 0.93441 0.814547
2.0 0.741241 0.423897 0.284072 0.277537
2.0 0.309361 0.409655 0.089855 0.177415
2.0 0.06588000000000005 0.460521 0.072482 0.043126
2.0 0.188349 0.432037 0.06812 0.049648
2.0 0.471723 0.564709 0.037759 0.031719
2.0 0.441253 0.665616 0.040578 0.031746
2.0 0.22456600000000004 0.717706 0.06812 0.025237
2.0 0.21080699999999997 0.644046 0.037663 0.045575
2.0 0.099217 0.637943 0.052169 0.030122
2.0 0.37022900000000003 0.538248 0.046386 0.024425
2.0 0.283277 0.581786 0.055084 0.030122
