2.0 0.41931799999999997 0.09059899999999999 0.200694 0.12754
2.0 0.11337200000000003 0.461612 0.070894 0.121739
2.0 0.6756340000000001 0.963059 0.102522 0.063765
2.0 0.7928850000000001 0.979003 0.083982 0.037688
2.0 0.802155 0.740594 0.098164 0.186957
0.0 0.883081 0.482646 0.233839 0.856554
0.0 0.794521 0.926108 0.23996 0.143478
0.0 0.67182 0.273934 0.297765 0.543478
0.0 0.222985 0.459438 0.196329 0.392747
0.0 0.321696 0.34131999999999996 0.184334 0.371018
1.0 0.504393 0.7391460000000001 0.525722 0.505801
2.0 0.486939 0.846394 0.270495 0.16666
2.0 0.888324 0.405795 0.20506 0.160838
2.0 0.6434599999999999 0.426829 0.182147 0.147826
2.0 0.43731 0.308712 0.160335 0.375366
4.0 0.5071669999999999 0.5054190000000001 0.985666 0.989162
