2.0 0.909401 0.41931799999999997 0.12754 0.200694
2.0 0.538388 0.11337200000000003 0.121739 0.070894
2.0 0.036941 0.6756340000000001 0.063765 0.102522
2.0 0.020997 0.7928850000000001 0.037688 0.083982
2.0 0.259406 0.802155 0.186957 0.098164
0.0 0.517354 0.883081 0.856554 0.233839
0.0 0.073892 0.794521 0.143478 0.23996
0.0 0.726066 0.67182 0.543478 0.297765
0.0 0.540562 0.222985 0.392747 0.196329
0.0 0.65868 0.321696 0.371018 0.184334
1.0 0.260854 0.504393 0.505801 0.525722
2.0 0.153606 0.486939 0.16666 0.270495
2.0 0.594205 0.888324 0.160838 0.20506
2.0 0.573171 0.6434599999999999 0.147826 0.182147
2.0 0.691288 0.43731 0.375366 0.160335
4.0 0.494581 0.5071669999999999 0.989162 0.985666
