2.0 0.09059899999999999 0.580682 0.12754 0.200694
2.0 0.461612 0.886628 0.121739 0.070894
2.0 0.963059 0.324366 0.063765 0.102522
2.0 0.979003 0.207115 0.037688 0.083982
2.0 0.740594 0.197845 0.186957 0.098164
0.0 0.482646 0.116919 0.856554 0.233839
0.0 0.926108 0.205479 0.143478 0.23996
0.0 0.273934 0.32818 0.543478 0.297765
0.0 0.459438 0.777015 0.392747 0.196329
0.0 0.34131999999999996 0.678304 0.371018 0.184334
1.0 0.7391460000000001 0.495607 0.505801 0.525722
2.0 0.846394 0.513061 0.16666 0.270495
2.0 0.405795 0.111676 0.160838 0.20506
2.0 0.426829 0.35654 0.147826 0.182147
2.0 0.308712 0.56269 0.375366 0.160335
4.0 0.5054190000000001 0.492833 0.989162 0.985666
