0.0 0.39808 0.593938 0.267826 0.233014
0.0 0.444167 0.476528 0.262611 0.241736
0.0 0.629382 0.402844 0.222611 0.21959
2.0 0.596198 0.251389 0.097826 0.086958
2.0 0.6970419999999999 0.57325 0.130431 0.073667
2.0 0.58291 0.699465 0.245167 0.268097
2.0 0.318538 0.852354 0.163049 0.074875
2.0 0.26950300000000005 0.424094 0.272951 0.183576
2.0 0.16262200000000004 0.631826 0.131646 0.246375
2.0 0.326271 0.729045 0.195653 0.119563
2.0 0.46696899999999997 0.825663 0.092993 0.073674
2.0 0.371559 0.299094 0.129229 0.131646
2.0 0.456097 0.339552 0.114736 0.101451
3.0 0.496587 0.499681 0.993174 0.980514
1.0 0.472403 0.552115 0.673917 0.698063
2.0 0.474819 0.287622 0.118361 0.159424
2.0 0.6885870000000001 0.736295 0.149757 0.121993
