0.0 0.40606200000000003 0.39808 0.233014 0.267826
0.0 0.5234719999999999 0.444167 0.241736 0.262611
0.0 0.597156 0.629382 0.21959 0.222611
2.0 0.748611 0.596198 0.086958 0.097826
2.0 0.42674999999999996 0.6970419999999999 0.073667 0.130431
2.0 0.300535 0.58291 0.268097 0.245167
2.0 0.14764600000000005 0.318538 0.074875 0.163049
2.0 0.575906 0.26950300000000005 0.183576 0.272951
2.0 0.368174 0.16262200000000004 0.246375 0.131646
2.0 0.27095499999999995 0.326271 0.119563 0.195653
2.0 0.17433699999999996 0.46696899999999997 0.073674 0.092993
2.0 0.700906 0.371559 0.131646 0.129229
2.0 0.6604479999999999 0.456097 0.101451 0.114736
3.0 0.500319 0.496587 0.980514 0.993174
1.0 0.447885 0.472403 0.698063 0.673917
2.0 0.712378 0.474819 0.159424 0.118361
2.0 0.26370499999999997 0.6885870000000001 0.121993 0.149757
