0.0 0.60192 0.40606200000000003 0.267826 0.233014
0.0 0.555833 0.5234719999999999 0.262611 0.241736
0.0 0.370618 0.597156 0.222611 0.21959
2.0 0.403802 0.748611 0.097826 0.086958
2.0 0.302958 0.42674999999999996 0.130431 0.073667
2.0 0.41709 0.300535 0.245167 0.268097
2.0 0.681462 0.14764600000000005 0.163049 0.074875
2.0 0.730497 0.575906 0.272951 0.183576
2.0 0.837378 0.368174 0.131646 0.246375
2.0 0.673729 0.27095499999999995 0.195653 0.119563
2.0 0.533031 0.17433699999999996 0.092993 0.073674
2.0 0.628441 0.700906 0.129229 0.131646
2.0 0.543903 0.6604479999999999 0.114736 0.101451
3.0 0.503413 0.500319 0.993174 0.980514
1.0 0.527597 0.447885 0.673917 0.698063
2.0 0.525181 0.712378 0.118361 0.159424
2.0 0.311413 0.26370499999999997 0.149757 0.121993
