2.0 0.483385 0.15938799999999997 0.036239 0.042522
2.0 0.768894 0.39465300000000003 0.1 0.103378
2.0 0.870343 0.445863 0.097102 0.049277
11.0 0.528042 0.49856199999999995 0.943916 0.997124
0.0 0.705122 0.33426999999999996 0.523208 0.554587
1.0 0.508739 0.537168 0.11885 0.164248
1.0 0.362367 0.35600299999999996 0.121726 0.082124
1.0 0.409414 0.47291300000000003 0.0825 0.300487
1.0 0.431206 0.668083 0.360863 0.142035
2.0 0.654369 0.42895300000000003 0.19281 0.195162
2.0 0.47396 0.33281700000000003 0.075354 0.130442
2.0 0.552223 0.278702 0.084049 0.06472
2.0 0.610929 0.21107699999999996 0.094204 0.11885
2.0 0.709469 0.226541 0.105796 0.084056
2.0 0.671062 0.15598800000000002 0.147832 0.047316
2.0 0.827588 0.20528000000000002 0.060885 0.07826
2.0 0.621062 0.579196 0.071018 0.08792
2.0 0.701504 0.533783 0.046372 0.06087
2.0 0.451493 0.22219 0.039137 0.036711
