2.0 0.15938799999999997 0.516615 0.042522 0.036239
2.0 0.39465300000000003 0.23110600000000003 0.103378 0.1
2.0 0.445863 0.12965700000000002 0.049277 0.097102
11.0 0.49856199999999995 0.471958 0.997124 0.943916
0.0 0.33426999999999996 0.294878 0.554587 0.523208
1.0 0.537168 0.49126099999999995 0.164248 0.11885
1.0 0.35600299999999996 0.637633 0.082124 0.121726
1.0 0.47291300000000003 0.590586 0.300487 0.0825
1.0 0.668083 0.568794 0.142035 0.360863
2.0 0.42895300000000003 0.345631 0.195162 0.19281
2.0 0.33281700000000003 0.5260400000000001 0.130442 0.075354
2.0 0.278702 0.447777 0.06472 0.084049
2.0 0.21107699999999996 0.38907099999999994 0.11885 0.094204
2.0 0.226541 0.290531 0.084056 0.105796
2.0 0.15598800000000002 0.32893799999999995 0.047316 0.147832
2.0 0.20528000000000002 0.172412 0.07826 0.060885
2.0 0.579196 0.378938 0.08792 0.071018
2.0 0.533783 0.298496 0.06087 0.046372
2.0 0.22219 0.5485070000000001 0.036711 0.039137
