2.0 0.516615 0.840612 0.036239 0.042522
2.0 0.23110600000000003 0.605347 0.1 0.103378
2.0 0.12965700000000002 0.554137 0.097102 0.049277
11.0 0.471958 0.501438 0.943916 0.997124
0.0 0.294878 0.66573 0.523208 0.554587
1.0 0.49126099999999995 0.462832 0.11885 0.164248
1.0 0.637633 0.643997 0.121726 0.082124
1.0 0.590586 0.527087 0.0825 0.300487
1.0 0.568794 0.331917 0.360863 0.142035
2.0 0.345631 0.571047 0.19281 0.195162
2.0 0.5260400000000001 0.667183 0.075354 0.130442
2.0 0.447777 0.721298 0.084049 0.06472
2.0 0.38907099999999994 0.788923 0.094204 0.11885
2.0 0.290531 0.773459 0.105796 0.084056
2.0 0.32893799999999995 0.844012 0.147832 0.047316
2.0 0.172412 0.79472 0.060885 0.07826
2.0 0.378938 0.420804 0.071018 0.08792
2.0 0.298496 0.466217 0.046372 0.06087
2.0 0.5485070000000001 0.77781 0.039137 0.036711
