2.0 0.122004 0.40314099999999997 0.174965 0.099641
2.0 0.79719 0.5072030000000001 0.13906 0.191715
2.0 0.80953 0.333769 0.177216 0.160199
2.0 0.485399 0.471256 0.152535 0.172802
2.0 0.495496 0.32179 0.271418 0.121087
2.0 0.225195 0.566486 0.09422 0.136221
2.0 0.360904 0.527388 0.078511 0.113519
2.0 0.332863 0.23096700000000003 0.112145 0.068116
2.0 0.781489 0.060687999999999964 0.080745 0.113519
3.0 0.289592 0.30729300000000004 0.579184 0.614586
3.0 0.515426 0.46321 0.962305 0.924706
0.0 0.338466 0.34890299999999996 0.136826 0.122353
2.0 0.778129 0.707124 0.109911 0.081984
2.0 0.226312 0.29782200000000003 0.087482 0.075683
1.0 0.531374 0.382961 0.827713 0.755553
0.0 0.284637 0.50342 0.132358 0.128654
