2.0 0.40314099999999997 0.877996 0.099641 0.174965
2.0 0.5072030000000001 0.20281000000000005 0.191715 0.13906
2.0 0.333769 0.19047000000000003 0.160199 0.177216
2.0 0.471256 0.514601 0.172802 0.152535
2.0 0.32179 0.5045040000000001 0.121087 0.271418
2.0 0.566486 0.774805 0.136221 0.09422
2.0 0.527388 0.639096 0.113519 0.078511
2.0 0.23096700000000003 0.667137 0.068116 0.112145
2.0 0.060687999999999964 0.218511 0.113519 0.080745
3.0 0.30729300000000004 0.7104079999999999 0.614586 0.579184
3.0 0.46321 0.48457399999999995 0.924706 0.962305
0.0 0.34890299999999996 0.6615340000000001 0.122353 0.136826
2.0 0.707124 0.22187100000000004 0.081984 0.109911
2.0 0.29782200000000003 0.7736879999999999 0.075683 0.087482
1.0 0.382961 0.468626 0.755553 0.827713
0.0 0.50342 0.715363 0.128654 0.132358
