2.0 0.877996 0.596859 0.174965 0.099641
2.0 0.20281000000000005 0.492797 0.13906 0.191715
2.0 0.19047000000000003 0.666231 0.177216 0.160199
2.0 0.514601 0.528744 0.152535 0.172802
2.0 0.5045040000000001 0.67821 0.271418 0.121087
2.0 0.774805 0.433514 0.09422 0.136221
2.0 0.639096 0.472612 0.078511 0.113519
2.0 0.667137 0.769033 0.112145 0.068116
2.0 0.218511 0.939312 0.080745 0.113519
3.0 0.7104079999999999 0.692707 0.579184 0.614586
3.0 0.48457399999999995 0.53679 0.962305 0.924706
0.0 0.6615340000000001 0.651097 0.136826 0.122353
2.0 0.22187100000000004 0.292876 0.109911 0.081984
2.0 0.7736879999999999 0.702178 0.087482 0.075683
1.0 0.468626 0.617039 0.827713 0.755553
0.0 0.715363 0.49658 0.132358 0.128654
