4 0.5640625 0.54609375 0.58125 0.85859375
5 0.475 0.3375 0.12734375 0.246875
5 0.59765625 0.4265625 0.1375 0.265625
5 0.534375 0.89296875 0.1734375 0.2140625
5 0.678125 0.12890625 0.0953125 0.2046875
2 0.51796875 0.19296875 0.278125 0.21640625
5 0.51953125 0.04375 0.134375 0.0875
2 0.3421875 0.6578125 0.21796875 0.63828125
12 0.36953125 0.53671875 0.0359375 0.07890625
12 0.36328125 0.6578125 0.04609375 0.06171875
2 0.5375 0.63125 0.25859375 0.28984375
12 0.565625 0.73125 0.06953125 0.08125
2 0.7625 0.5453125 0.18359375 0.6515625